"Q80YE7_2, [1226, 1232]",SEQ,positive,flexibility,SS,ASA,Phi,Psi,Theta(i-1=>i+1),Tau(i-2=>i+2),HSE_alpha_up,HSE_alpha_down,P(C),P(H),P(E)
0,M,0,0.551,C,55.4,-111.8,141.7,124.8,163.7,16.8,12.5,0.944,0.001,0.055
1,T,0,0.574,C,79.1,-107.3,136.6,120.3,-149.4,6.5,20.4,0.783,0.006,0.212
2,V,0,0.610,C,40.5,-93.5,128.1,114.6,-143.5,17.7,14.9,0.610,0.022,0.368
3,F,0,0.645,C,77.5,-98.6,117.5,113.2,-151.4,13.2,16.5,0.655,0.014,0.330
4,R,0,0.680,C,120.3,-104.5,125.0,115.5,-171.9,8.7,16.1,0.836,0.015,0.148
5,Q,0,0.682,C,111.4,-87.0,14.4,103.5,-161.7,7.2,14.5,0.944,0.010,0.046
6,E,0,0.678,C,97.1,-104.1,145.3,122.7,109.8,7.3,15.8,0.948,0.006,0.046
7,N,0,0.698,C,78.1,-80.6,116.2,108.7,-109.9,8.4,20.2,0.851,0.019,0.130
8,V,0,0.727,H,12.2,-71.7,-23.4,94.0,-155.1,24.1,12.4,0.349,0.633,0.018
9,D,0,0.762,H,86.9,-68.3,-24.4,92.3,70.1,8.6,16.7,0.270,0.713,0.016
10,D,0,0.789,H,103.3,-81.7,-14.0,93.7,53.2,2.7,19.9,0.276,0.709,0.015
11,Y,0,0.795,H,60.2,-102.0,-10.7,102.4,40.9,14.2,16.4,0.291,0.681,0.028
12,Y,0,0.798,E,9.7,-124.6,143.3,131.8,63.1,24.9,12.7,0.245,0.025,0.730
13,D,0,0.801,E,72.1,-118.1,132.2,122.6,-159.5,6.4,25.9,0.142,0.008,0.849
14,T,0,0.786,E,43.3,-89.6,125.1,114.0,-137.1,18.3,17.0,0.151,0.010,0.839
15,G,0,0.769,E,27.3,-109.2,-176.6,116.9,179.2,11.2,17.0,0.235,0.024,0.741
16,E,0,0.751,E,104.0,-123.2,143.8,126.7,-33.7,6.1,21.2,0.130,0.015,0.855
17,E,0,0.748,E,87.7,-76.5,125.6,110.8,-112.8,13.8,17.8,0.077,0.006,0.917
18,L,0,0.740,E,40.2,-97.5,-22.7,101.9,173.3,15.4,15.8,0.156,0.013,0.830
19,G,0,0.724,E,18.4,152.5,177.5,141.5,-53.0,10.1,21.2,0.273,0.004,0.723
20,S,0,0.733,E,51.7,-134.2,146.6,130.5,-124.7,11.6,20.5,0.280,0.005,0.715
21,G,0,0.744,C,21.1,-173.3,179.0,137.0,143.5,11.6,18.7,0.710,0.025,0.266
22,Q,0,0.781,C,117.5,-70.2,-23.3,95.8,-76.5,6.7,18.8,0.935,0.020,0.045
23,F,0,0.824,C,72.9,-99.0,-5.3,101.1,36.9,13.7,18.4,0.896,0.012,0.092
24,A,0,0.855,E,9.3,-154.8,161.4,141.3,11.9,21.2,19.5,0.426,0.002,0.572
25,V,0,0.876,E,37.6,-109.0,133.1,120.8,-132.6,13.8,26.3,0.031,0.000,0.969
26,V,0,0.882,E,5.2,-112.8,131.4,122.5,-158.7,25.5,20.4,0.007,0.000,0.993
27,K,0,0.876,E,31.8,-123.3,140.8,127.7,-170.6,18.2,26.1,0.006,0.000,0.994
28,K,0,0.860,E,41.3,-97.4,131.7,117.9,-136.4,17.0,26.4,0.009,0.000,0.991
29,C,0,0.855,E,3.7,-136.5,150.7,136.1,-177.6,25.2,20.2,0.006,0.000,0.994
30,R,0,0.841,E,79.0,-116.6,136.5,124.0,-146.1,10.5,27.3,0.004,0.000,0.996
31,E,0,0.817,E,25.5,-77.2,122.0,109.7,-120.9,19.3,17.1,0.104,0.000,0.895
32,K,0,0.793,C,102.2,-70.8,-28.4,94.7,-154.3,9.8,16.2,0.998,0.001,0.001
33,S,0,0.776,C,81.3,-73.3,-31.7,93.2,48.8,1.9,15.7,0.999,0.001,0.000
34,T,0,0.763,C,65.0,-106.3,-13.1,100.7,32.4,5.9,12.2,0.998,0.001,0.000
35,G,0,0.768,C,46.4,78.9,10.7,91.8,-114.3,5.3,16.2,0.999,0.000,0.001
36,L,0,0.799,C,58.8,-82.1,144.1,120.7,139.2,8.6,17.8,0.956,0.000,0.044
37,Q,0,0.827,E,49.5,-90.0,131.1,115.9,-129.5,15.6,22.1,0.073,0.000,0.926
38,Y,0,0.848,E,10.9,-138.4,153.2,136.8,-178.7,23.1,24.5,0.010,0.000,0.990
39,A,0,0.867,E,5.3,-113.1,135.2,123.0,-141.5,23.5,27.8,0.009,0.000,0.991
40,A,0,0.878,E,2.4,-125.9,142.1,129.3,-169.5,25.6,26.5,0.009,0.000,0.991
41,K,0,0.877,E,9.5,-114.8,134.8,123.6,-155.6,23.4,27.8,0.010,0.000,0.990
42,F,0,0.877,E,12.7,-112.2,129.3,121.1,-156.9,22.2,27.7,0.011,0.000,0.989
43,I,0,0.868,E,8.0,-111.5,127.2,120.4,-163.2,24.4,22.9,0.051,0.001,0.948
44,K,0,0.844,E,47.3,-85.6,132.1,114.3,-137.7,15.0,25.2,0.235,0.006,0.759
45,K,0,0.815,C,50.5,-94.2,127.9,114.4,-146.1,18.3,18.1,0.617,0.066,0.317
46,R,0,0.782,C,96.4,-98.4,131.1,115.2,-145.3,11.5,18.4,0.748,0.064,0.188
47,R,0,0.760,C,112.9,-93.7,110.0,110.9,-150.9,10.7,14.9,0.824,0.081,0.096
48,T,0,0.741,C,66.7,-97.2,131.0,114.2,-164.0,9.6,14.2,0.857,0.094,0.048
49,K,0,0.705,C,128.4,-75.4,-14.6,100.8,-130.9,6.4,13.2,0.856,0.126,0.019
50,S,0,0.688,C,77.2,-85.2,3.0,103.2,57.7,4.1,12.8,0.845,0.138,0.017
51,S,0,0.666,C,56.4,-90.3,106.6,110.2,103.6,9.3,10.7,0.809,0.143,0.049
52,R,0,0.656,C,148.4,-79.4,-6.2,100.9,-157.0,5.2,13.0,0.774,0.156,0.070
53,R,0,0.660,C,134.7,-90.7,64.8,107.4,76.6,6.3,13.4,0.809,0.118,0.073
54,G,0,0.666,C,39.3,103.0,-176.8,115.5,-48.7,7.4,16.4,0.870,0.050,0.080
55,V,0,0.674,C,35.3,-102.8,135.6,120.5,-125.1,18.1,13.9,0.866,0.021,0.113
56,S,0,0.697,C,44.8,-78.8,157.5,119.7,-123.1,6.6,22.5,0.960,0.019,0.021
57,R,0,0.730,H,92.2,-60.9,-35.7,92.5,-108.9,16.5,14.3,0.061,0.939,0.000
58,E,0,0.753,H,124.6,-64.0,-38.2,91.9,55.8,2.5,20.5,0.038,0.962,0.000
59,D,0,0.784,H,44.7,-67.1,-38.5,93.5,50.8,10.4,18.8,0.025,0.975,0.000
60,I,0,0.787,H,8.1,-63.8,-42.4,93.3,51.8,24.3,17.4,0.009,0.991,0.000
61,E,0,0.797,H,78.6,-63.0,-40.7,92.3,53.0,11.6,22.9,0.007,0.993,0.000
62,R,0,0.800,H,101.9,-66.0,-39.3,92.4,50.1,6.3,25.8,0.013,0.987,0.000
63,E,0,0.821,H,7.0,-65.8,-43.3,94.2,50.6,23.5,22.1,0.008,0.992,0.000
64,V,0,0.829,H,9.0,-63.7,-42.6,93.7,52.0,23.7,22.8,0.001,0.999,0.000
65,S,0,0.819,H,43.0,-64.6,-40.5,92.3,51.8,7.5,26.6,0.001,0.999,0.000
66,I,0,0.815,H,12.5,-65.4,-43.5,93.8,50.9,19.5,22.7,0.001,0.999,0.000
67,L,0,0.820,H,3.4,-65.1,-42.3,93.9,51.0,26.2,20.5,0.002,0.998,0.000
68,K,0,0.809,H,95.8,-66.1,-35.7,92.6,53.3,10.9,21.9,0.029,0.971,0.000
69,E,0,0.793,H,91.6,-73.0,-29.7,93.3,52.0,7.1,22.6,0.209,0.791,0.000
70,I,0,0.795,C,5.9,-84.7,-9.1,99.5,55.1,23.3,15.5,0.780,0.218,0.001
71,R,0,0.801,C,135.2,60.1,40.5,96.5,-121.8,6.2,24.6,0.998,0.001,0.001
72,H,0,0.810,C,8.9,-91.2,144.4,122.3,156.9,24.6,14.4,0.998,0.000,0.002
73,P,0,0.807,C,66.2,-67.4,-25.6,91.7,-129.5,9.6,24.7,0.994,0.005,0.001
74,N,0,0.799,C,23.8,-96.8,-0.0,97.9,49.7,19.2,21.8,0.984,0.008,0.008
75,V,0,0.814,E,4.0,-101.1,132.5,121.0,91.7,25.8,21.7,0.262,0.001,0.737
76,I,0,0.839,E,3.4,-109.3,127.0,119.8,-158.9,26.3,23.3,0.079,0.000,0.921
77,T,0,0.858,E,31.2,-96.2,125.8,115.2,-144.2,14.0,28.5,0.059,0.000,0.941
78,L,0,0.881,E,4.5,-82.1,126.2,112.7,-135.4,26.1,19.1,0.024,0.000,0.976
79,H,0,0.893,E,59.3,-93.1,-29.9,100.5,178.7,13.0,24.7,0.025,0.000,0.975
80,E,0,0.901,E,37.8,-156.0,152.0,140.9,2.0,14.7,26.8,0.012,0.000,0.987
81,V,0,0.898,E,8.4,-128.6,138.5,129.4,-166.1,24.6,19.4,0.008,0.000,0.992
82,Y,0,0.892,E,37.8,-134.8,147.9,134.2,-175.7,15.3,26.3,0.014,0.000,0.986
83,E,0,0.875,E,42.6,-111.3,133.1,121.9,-147.5,18.4,21.6,0.098,0.001,0.902
84,N,0,0.871,C,43.9,-135.7,164.9,134.0,171.2,11.6,20.1,0.614,0.005,0.381
85,K,0,0.889,C,128.5,-67.5,-27.5,95.7,-89.4,7.0,18.4,0.990,0.002,0.008
86,T,0,0.923,C,61.5,-106.1,-6.2,103.1,21.5,10.4,20.7,0.989,0.001,0.010
87,D,0,0.971,E,17.5,-140.7,147.2,136.8,27.5,18.6,24.2,0.271,0.002,0.727
88,V,0,0.994,E,6.7,-113.6,131.5,122.5,-150.9,24.5,24.7,0.018,0.000,0.982
89,I,0,1.003,E,6.4,-114.1,127.2,120.9,-164.4,24.2,27.9,0.001,0.000,0.999
90,L,0,1.015,E,3.3,-104.7,125.3,117.6,-157.1,25.5,28.8,0.002,0.000,0.998
91,I,0,1.020,E,3.5,-108.6,121.8,117.3,-161.5,25.3,29.4,0.004,0.000,0.996
92,L,0,1.001,E,3.1,-120.4,138.6,126.5,-171.4,25.9,27.2,0.030,0.000,0.970
93,E,0,0.989,E,12.7,-89.8,135.0,116.1,-135.3,22.7,27.5,0.193,0.010,0.796
94,L,0,0.954,E,16.1,-88.1,125.3,113.4,-129.6,22.1,27.0,0.413,0.028,0.558
95,V,0,0.919,C,11.4,-98.4,124.1,114.2,-157.7,23.9,21.5,0.691,0.038,0.270
96,A,0,0.865,C,31.0,-83.0,120.4,109.9,-131.3,16.0,24.3,0.866,0.041,0.093
97,G,0,0.830,C,29.2,94.8,-7.5,109.8,13.5,12.1,20.3,0.885,0.084,0.031
98,G,0,0.822,C,18.2,107.5,-167.1,119.1,-106.1,14.2,19.9,0.819,0.149,0.031
99,E,0,0.840,C,74.9,-89.1,87.7,108.6,-42.9,10.8,24.1,0.674,0.300,0.025
100,L,0,0.893,H,5.8,-68.4,-34.3,95.9,-165.6,25.8,19.5,0.094,0.906,0.000
101,F,0,0.936,H,28.4,-62.6,-41.3,93.0,56.3,20.7,20.5,0.019,0.981,0.000
102,D,0,0.960,H,74.2,-65.8,-39.0,92.8,50.7,5.6,23.8,0.013,0.987,0.000
103,F,0,0.949,H,38.9,-67.2,-40.9,94.0,49.8,14.0,20.2,0.015,0.985,0.000
104,L,0,0.921,H,8.1,-67.9,-40.6,94.9,49.8,23.3,16.8,0.032,0.968,0.000
105,A,0,0.903,H,28.7,-68.1,-35.6,94.7,52.8,15.5,16.7,0.097,0.903,0.000
106,E,0,0.893,H,124.0,-74.9,-24.8,95.8,51.9,3.7,17.5,0.299,0.700,0.001
107,K,0,0.866,C,106.9,-93.5,0.0,102.4,41.6,7.7,14.3,0.638,0.356,0.006
108,E,0,0.838,C,108.7,-15.1,43.1,103.3,-129.0,8.8,16.8,0.915,0.077,0.008
109,S,0,0.822,C,53.0,-108.7,138.4,119.6,136.6,9.6,20.0,0.918,0.022,0.060
110,L,0,0.816,C,17.6,-93.3,133.2,117.2,-130.0,23.1,15.3,0.968,0.000,0.032
111,T,0,0.835,C,51.6,-86.0,159.0,122.4,-130.7,7.1,25.0,0.990,0.001,0.008
112,E,0,0.850,H,50.8,-60.1,-37.1,91.8,-108.4,20.0,16.2,0.022,0.978,0.000
113,E,0,0.860,H,109.1,-63.6,-39.0,91.8,55.1,5.1,22.7,0.010,0.990,0.000
114,E,0,0.865,H,53.0,-66.8,-39.4,93.2,50.6,12.1,21.9,0.004,0.996,0.000
115,A,0,0.879,H,2.2,-64.1,-43.5,93.7,52.4,26.3,20.1,0.002,0.998,0.000
116,T,0,0.899,H,22.1,-62.9,-41.9,92.8,53.1,18.7,24.2,0.002,0.998,0.000
117,E,0,0.906,H,71.5,-64.7,-40.6,92.4,51.5,9.2,28.3,0.001,0.999,0.000
118,F,0,0.910,H,7.0,-65.3,-43.6,94.2,50.2,23.5,26.5,0.001,0.999,0.000
119,L,0,0.912,H,1.2,-64.6,-43.8,94.0,50.9,27.8,27.5,0.000,1.000,0.000
120,K,0,0.915,H,39.5,-63.9,-41.9,92.9,52.1,18.3,28.1,0.001,0.999,0.000
121,Q,0,0.906,H,23.3,-66.0,-40.8,93.3,50.7,18.5,29.2,0.004,0.996,0.000
122,I,0,0.892,H,0.7,-64.4,-44.4,93.8,49.9,28.3,28.3,0.004,0.996,0.000
123,L,0,0.874,H,2.9,-65.0,-43.2,94.3,51.4,26.2,28.3,0.006,0.994,0.000
124,S,0,0.843,H,27.5,-64.2,-41.2,92.2,51.7,13.5,29.6,0.016,0.984,0.000
125,G,0,0.842,H,1.3,-64.4,-44.0,93.5,50.2,24.4,27.6,0.008,0.992,0.000
126,V,0,0.849,H,1.2,-64.6,-44.0,94.1,50.7,27.5,27.4,0.003,0.997,0.000
127,Y,0,0.865,H,50.1,-64.4,-41.8,93.1,52.0,16.4,27.4,0.001,0.999,0.000
128,Y,0,0.890,H,37.3,-65.2,-41.9,92.9,49.9,15.0,26.5,0.002,0.998,0.000
129,L,0,0.887,H,2.2,-64.9,-44.2,93.8,50.1,25.7,22.0,0.002,0.998,0.000
130,H,0,0.879,H,20.7,-64.2,-41.3,93.5,50.8,21.6,21.3,0.018,0.982,0.000
131,S,0,0.867,H,65.7,-68.8,-32.7,91.8,51.2,5.0,23.4,0.117,0.883,0.000
132,L,0,0.853,C,58.2,-94.2,0.9,95.2,46.9,14.4,17.6,0.914,0.085,0.000
133,Q,0,0.853,C,80.0,67.3,31.4,93.1,-115.8,12.4,24.2,0.999,0.000,0.001
134,I,0,0.860,C,5.7,-104.6,128.9,119.1,146.9,24.7,23.6,0.640,0.000,0.360
135,A,0,0.862,E,3.1,-105.1,136.0,120.5,-155.9,24.9,28.4,0.374,0.001,0.625
136,H,0,0.882,C,4.6,-107.6,126.9,118.4,-152.6,25.5,27.3,0.633,0.005,0.363
137,F,0,0.890,C,16.5,-73.4,-12.8,98.0,-140.2,23.1,26.2,0.895,0.049,0.056
138,D,0,0.895,C,29.2,-92.0,3.8,98.2,56.3,18.3,25.8,0.930,0.041,0.029
139,L,0,0.880,C,1.8,-91.3,130.5,117.0,115.3,27.6,22.6,0.939,0.004,0.057
140,K,0,0.873,C,34.6,-121.3,144.2,127.5,-178.3,17.3,28.6,0.993,0.001,0.006
141,P,0,0.852,H,10.6,-63.8,-32.1,95.3,-105.9,24.2,22.7,0.192,0.808,0.000
142,E,0,0.852,H,75.3,-69.2,-24.3,92.1,63.3,12.4,25.5,0.215,0.784,0.001
143,N,0,0.853,H,11.6,-95.8,-0.1,98.2,49.9,21.6,24.0,0.210,0.787,0.003
144,I,0,0.861,E,2.5,-102.4,132.2,121.0,99.3,27.1,22.3,0.083,0.002,0.915
145,M,0,0.877,E,9.9,-104.7,130.0,118.9,-155.5,23.3,27.9,0.049,0.003,0.949
146,L,0,0.892,E,7.2,-94.3,126.1,115.5,-144.2,24.7,24.8,0.114,0.005,0.881
147,L,0,0.893,E,34.1,-96.7,103.9,111.0,-161.2,18.3,21.6,0.421,0.014,0.565
148,D,0,0.889,C,46.0,-101.5,117.0,114.0,-175.8,12.6,19.1,0.817,0.009,0.174
149,R,0,0.860,C,135.3,-73.3,-17.6,97.7,-156.7,8.1,15.8,0.971,0.010,0.019
150,N,0,0.830,C,118.0,-88.4,2.8,98.7,49.0,2.3,17.4,0.983,0.005,0.012
151,V,0,0.832,C,43.0,-96.3,128.9,117.3,106.5,15.4,10.9,0.972,0.000,0.027
152,P,0,0.830,C,76.1,-68.2,143.8,109.4,-106.5,6.8,19.0,0.986,0.004,0.010
153,K,0,0.845,C,97.3,-93.8,121.5,113.7,-116.4,11.5,19.1,0.949,0.005,0.046
154,P,0,0.844,C,13.3,-72.6,146.7,115.5,-116.8,22.7,18.6,0.906,0.028,0.066
155,R,0,0.850,C,69.6,-100.2,123.0,114.9,-143.8,14.3,27.2,0.522,0.023,0.455
156,I,0,0.858,E,2.4,-112.2,130.1,122.2,-159.6,27.1,23.6,0.094,0.001,0.905
157,K,0,0.881,E,13.9,-115.1,130.1,122.0,-164.6,21.0,29.1,0.058,0.001,0.942
158,I,0,0.899,E,2.1,-102.8,125.2,117.2,-150.8,26.6,28.2,0.219,0.003,0.778
159,I,0,0.920,C,4.5,-107.9,129.5,119.2,-163.1,25.1,28.4,0.515,0.028,0.458
160,D,0,0.906,C,12.6,50.0,57.2,102.5,0.5,21.7,28.4,0.779,0.048,0.173
161,F,0,0.868,C,3.2,-85.8,17.5,104.5,-171.9,26.6,25.6,0.802,0.125,0.073
162,G,0,0.836,C,7.2,-75.3,-26.4,99.3,108.2,22.5,26.7,0.769,0.169,0.062
163,L,0,0.826,C,13.5,-93.7,0.1,99.5,48.3,22.3,25.3,0.677,0.203,0.121
164,A,0,0.839,C,3.5,-88.0,140.8,119.9,109.7,25.8,19.8,0.579,0.109,0.312
165,H,0,0.861,E,40.5,-123.1,140.7,127.5,-167.5,17.3,26.3,0.326,0.027,0.647
166,K,0,0.870,E,73.5,-86.5,127.4,113.8,-124.2,15.8,23.6,0.284,0.010,0.706
167,I,0,0.864,C,23.5,-110.3,138.3,121.7,-165.3,21.2,15.2,0.623,0.011,0.366
168,D,0,0.863,C,87.9,-91.9,119.2,111.7,-130.5,6.2,21.6,0.861,0.008,0.131
169,F,0,0.839,C,79.8,-82.7,35.1,104.4,-152.6,16.8,13.4,0.945,0.019,0.035
170,G,0,0.811,C,53.9,77.6,-2.6,102.5,-35.0,3.4,15.9,0.972,0.021,0.008
171,N,0,0.797,C,88.8,-98.5,131.7,114.3,93.9,8.0,14.2,0.907,0.038,0.055
172,E,0,0.808,C,111.4,-89.8,119.8,111.2,-127.2,7.1,17.8,0.706,0.052,0.242
173,F,0,0.824,C,36.7,-96.1,130.9,117.1,-146.0,21.1,15.1,0.505,0.045,0.450
174,K,0,0.832,E,79.4,-107.4,119.0,114.9,-170.6,11.8,23.0,0.475,0.045,0.480
175,N,0,0.831,E,41.9,-108.6,126.4,118.3,-162.9,16.4,23.3,0.423,0.046,0.531
176,I,0,0.816,E,16.0,-108.2,125.7,117.6,-164.5,22.6,23.5,0.473,0.022,0.505
177,F,0,0.810,C,20.6,-119.4,138.2,125.0,-169.3,21.9,26.2,0.511,0.014,0.475
178,G,0,0.815,C,7.2,141.5,-173.7,129.5,83.1,20.6,25.2,0.830,0.004,0.166
179,T,0,0.839,C,19.8,-104.3,147.7,124.3,-64.8,20.0,26.4,0.969,0.002,0.028
180,P,0,0.847,H,30.2,-64.8,-29.7,93.3,-104.8,20.5,22.2,0.269,0.731,0.000
181,E,0,0.874,H,73.6,-75.1,-20.4,93.2,60.7,13.6,25.1,0.305,0.693,0.002
182,F,0,0.900,H,9.0,-101.3,0.7,102.5,45.0,23.6,24.6,0.277,0.719,0.004
183,V,0,0.915,C,3.7,-103.0,134.9,121.1,95.8,26.0,23.3,0.783,0.039,0.178
184,A,0,0.923,C,3.6,-74.6,141.9,114.8,-115.5,24.4,25.5,0.975,0.022,0.003
185,P,0,0.910,H,25.9,-65.2,-33.6,94.6,-120.8,20.0,24.3,0.048,0.952,0.000
186,E,0,0.921,H,38.7,-67.6,-35.8,93.4,54.4,16.6,25.9,0.018,0.982,0.000
187,I,0,0.921,H,2.8,-67.0,-42.0,94.7,50.9,25.9,22.8,0.009,0.990,0.000
188,V,0,0.914,H,11.5,-68.0,-36.2,94.2,51.5,23.2,22.6,0.065,0.934,0.001
189,N,0,0.916,C,73.4,-93.2,0.5,96.9,48.9,8.6,22.6,0.799,0.198,0.003
190,Y,0,0.915,C,75.6,67.5,22.4,96.3,-112.9,17.2,17.8,0.997,0.002,0.001
191,E,0,0.917,C,88.7,-100.3,137.7,121.1,137.6,8.1,21.9,0.995,0.000,0.005
192,P,0,0.889,C,57.2,-68.9,142.0,112.7,-104.4,14.3,23.3,0.981,0.005,0.014
193,L,0,0.871,C,14.1,-87.0,130.7,114.7,-125.2,23.8,17.1,0.935,0.007,0.058
194,G,0,0.860,C,13.6,-127.0,170.4,134.7,178.6,13.3,27.2,0.940,0.038,0.022
195,L,0,0.869,H,39.1,-64.2,-36.2,94.0,-94.1,20.3,22.6,0.174,0.825,0.001
196,E,0,0.883,H,55.3,-65.0,-40.3,93.0,54.5,15.7,26.1,0.062,0.937,0.001
197,A,0,0.896,H,7.6,-65.9,-42.0,94.5,52.1,23.0,25.8,0.026,0.973,0.000
198,D,0,0.912,H,7.4,-66.5,-41.6,95.0,52.4,24.1,27.3,0.020,0.979,0.000
199,M,0,0.923,H,3.9,-66.2,-42.5,95.0,51.6,25.8,28.9,0.014,0.986,0.000
200,W,0,0.927,H,7.8,-65.9,-42.2,94.6,51.9,25.0,29.4,0.010,0.990,0.000
201,S,0,0.930,H,2.1,-66.1,-42.4,94.7,52.1,25.8,29.6,0.007,0.993,0.000
202,I,0,0.934,H,1.7,-65.6,-43.2,94.4,51.0,26.9,30.5,0.003,0.997,0.000
203,G,0,0.945,H,0.7,-65.2,-43.4,94.2,51.5,27.2,30.1,0.006,0.994,0.000
204,V,0,0.977,H,2.8,-65.6,-43.1,94.4,51.0,25.7,30.0,0.007,0.993,0.000
205,I,0,0.995,H,1.6,-65.3,-43.4,94.1,50.7,26.7,30.6,0.003,0.997,0.000
206,T,0,1.013,H,0.8,-65.1,-43.6,94.1,50.8,27.9,30.3,0.002,0.998,0.000
207,Y,0,1.004,H,4.0,-65.0,-43.5,94.2,51.1,25.8,29.5,0.001,0.999,0.000
208,I,0,0.980,H,7.6,-65.5,-42.5,93.9,50.3,22.7,29.1,0.002,0.998,0.000
209,L,0,0.934,H,2.8,-66.1,-42.4,94.1,49.7,25.2,28.2,0.003,0.997,0.000
210,L,0,0.896,H,4.8,-69.7,-38.0,94.9,48.3,24.8,25.9,0.039,0.961,0.000
211,S,0,0.844,H,20.5,-96.4,-6.8,98.1,41.3,19.1,23.1,0.409,0.591,0.000
212,G,0,0.800,C,26.7,82.3,7.7,95.0,-108.4,15.6,21.5,0.991,0.006,0.002
213,A,0,0.776,C,29.2,-100.3,143.9,123.2,131.0,14.5,22.5,0.978,0.002,0.019
214,S,0,0.777,C,18.6,-78.0,136.2,114.3,-117.4,19.5,24.6,0.978,0.005,0.016
215,P,0,0.768,C,8.8,-72.3,-21.3,97.4,-126.5,24.1,22.0,0.887,0.099,0.014
216,F,0,0.759,C,14.7,-92.8,2.0,100.7,51.8,23.2,21.4,0.832,0.126,0.041
217,L,0,0.774,C,48.1,-93.1,126.1,114.4,109.1,15.3,21.5,0.856,0.084,0.060
218,G,0,0.776,C,25.9,118.5,-166.7,125.5,25.9,10.0,19.2,0.939,0.032,0.029
219,D,0,0.794,C,91.3,-88.2,-3.8,100.5,-76.1,8.2,19.2,0.983,0.015,0.002
220,T,0,0.800,C,59.8,-117.0,150.6,129.7,71.4,5.9,22.3,0.966,0.027,0.007
221,K,0,0.807,H,81.8,-61.1,-35.8,92.7,-109.6,16.7,15.0,0.083,0.917,0.000
222,Q,0,0.818,H,98.2,-63.9,-39.0,92.4,55.4,6.6,21.2,0.033,0.967,0.000
223,E,0,0.828,H,80.7,-66.6,-38.9,93.3,50.7,7.8,21.7,0.023,0.977,0.000
224,T,0,0.826,H,8.7,-65.7,-42.2,94.3,51.2,22.9,20.0,0.016,0.984,0.000
225,L,0,0.833,H,18.6,-63.5,-41.6,93.2,51.7,21.1,22.2,0.007,0.993,0.000
226,A,0,0.838,H,41.5,-64.8,-40.3,92.6,51.8,8.5,25.6,0.009,0.991,0.000
227,N,0,0.842,H,28.7,-67.6,-39.1,93.9,50.4,16.3,23.9,0.021,0.979,0.000
228,V,0,0.845,H,2.4,-66.7,-41.6,94.7,51.4,26.4,21.9,0.031,0.969,0.000
229,S,0,0.838,H,34.1,-71.6,-27.7,93.9,54.0,16.4,22.8,0.138,0.861,0.001
230,A,0,0.828,C,51.5,-89.0,-6.4,97.4,53.1,9.0,23.6,0.518,0.476,0.006
231,V,0,0.838,C,9.3,-82.7,136.5,116.4,107.9,25.0,11.8,0.925,0.039,0.036
232,N,0,0.862,C,86.2,-98.0,103.7,109.8,-148.8,6.7,25.1,0.938,0.009,0.053
233,Y,0,0.879,C,26.9,-110.9,136.4,122.8,-175.1,23.1,13.6,0.929,0.003,0.068
234,D,0,0.894,C,82.6,-101.6,105.9,111.0,-157.5,6.0,25.0,0.924,0.004,0.073
235,F,0,0.897,C,19.1,-95.6,137.3,119.1,-164.9,24.0,13.2,0.968,0.004,0.028
236,E,0,0.901,C,72.0,-73.2,139.3,111.2,-108.3,9.1,20.9,0.991,0.007,0.002
237,E,0,0.894,H,113.1,-63.3,-31.8,94.1,-125.8,8.8,15.2,0.111,0.889,0.000
238,E,0,0.889,H,120.1,-68.0,-32.3,93.3,56.8,3.3,19.9,0.091,0.909,0.000
239,F,0,0.882,H,34.4,-70.0,-35.8,94.9,51.2,16.5,16.1,0.065,0.935,0.000
240,F,0,0.873,H,17.4,-71.2,-29.3,95.7,56.8,23.2,15.1,0.201,0.796,0.003
241,R,0,0.862,C,143.7,-70.5,-24.7,94.0,64.5,4.9,21.2,0.596,0.395,0.009
242,N,0,0.842,C,84.4,-97.9,7.9,100.2,45.3,6.9,20.9,0.787,0.208,0.005
243,T,0,0.841,C,8.4,-89.4,141.9,121.2,106.9,25.0,12.3,0.986,0.003,0.010
244,S,0,0.830,C,21.1,-70.4,151.6,115.3,-104.7,14.6,19.7,0.985,0.012,0.003
245,T,0,0.827,H,85.4,-62.1,-32.0,91.5,-116.4,6.5,20.2,0.125,0.875,0.000
246,L,0,0.833,H,56.6,-67.8,-34.4,92.9,55.5,11.5,21.4,0.084,0.916,0.000
247,A,0,0.854,H,2.0,-65.8,-40.3,93.8,52.5,26.7,17.7,0.013,0.987,0.000
248,K,0,0.882,H,49.2,-62.3,-41.8,92.4,55.8,17.3,23.2,0.004,0.996,0.000
249,D,0,0.915,H,57.4,-65.1,-39.7,92.4,51.1,8.3,27.5,0.005,0.995,0.000
250,F,0,0.928,H,5.5,-65.8,-43.4,94.1,50.2,24.1,24.4,0.004,0.996,0.000
251,I,0,0.933,H,1.4,-65.7,-42.3,94.2,51.6,27.9,23.9,0.004,0.996,0.000
252,R,0,0.934,H,81.9,-67.4,-32.9,92.5,54.7,15.4,24.8,0.029,0.971,0.000
253,R,0,0.917,H,92.7,-79.2,-19.6,94.2,53.0,11.1,25.8,0.208,0.791,0.000
254,L,0,0.892,C,3.7,-90.8,-13.2,99.6,50.1,24.8,22.3,0.533,0.462,0.005
255,L,0,0.874,C,5.3,-92.5,119.4,113.9,88.0,25.9,21.1,0.832,0.088,0.080
256,V,0,0.871,C,33.1,-113.9,139.5,124.4,161.9,14.3,23.9,0.871,0.008,0.122
257,K,0,0.859,C,91.1,-73.6,-25.0,95.6,-141.0,12.3,21.1,0.987,0.000,0.013
258,D,0,0.842,C,68.2,-110.4,97.3,110.5,59.9,6.5,21.4,0.997,0.000,0.002
259,P,0,0.798,H,22.2,-65.4,-28.6,91.5,-165.2,22.4,12.8,0.257,0.743,0.000
260,K,0,0.777,H,134.1,-70.3,-21.5,90.5,63.4,4.5,20.1,0.297,0.700,0.002
261,K,0,0.749,H,106.2,-97.8,0.4,98.4,48.3,6.7,21.2,0.294,0.700,0.006
262,R,0,0.758,C,17.8,-86.1,141.3,120.2,106.3,23.6,16.2,0.931,0.028,0.041
263,M,0,0.760,C,11.2,-75.2,144.1,115.0,-110.8,23.3,23.4,0.908,0.007,0.085
264,T,0,0.766,C,20.1,-88.7,154.0,122.7,-126.3,14.8,27.4,0.862,0.005,0.133
265,I,0,0.771,H,5.5,-60.6,-37.5,91.4,-110.0,26.3,19.6,0.034,0.966,0.000
266,Q,0,0.770,H,68.7,-63.7,-40.3,92.4,54.6,12.8,24.7,0.017,0.983,0.000
267,D,0,0.768,H,52.6,-66.3,-38.6,92.5,50.3,9.0,26.0,0.012,0.988,0.000
268,S,0,0.746,H,1.4,-67.7,-40.1,94.4,51.3,26.3,20.7,0.033,0.966,0.000
269,L,0,0.734,H,11.1,-71.5,-29.1,94.7,54.8,23.7,22.1,0.290,0.710,0.001
270,Q,0,0.746,C,91.4,-92.2,0.6,96.4,52.3,7.1,24.1,0.839,0.154,0.007
271,H,0,0.773,C,15.1,-75.2,139.2,117.5,110.0,23.8,12.0,0.997,0.001,0.002
272,P,0,0.773,C,72.6,-65.7,-27.6,90.7,-135.2,7.6,23.2,0.902,0.096,0.002
273,W,0,0.783,C,34.5,-79.4,-17.5,95.1,59.9,20.3,18.5,0.868,0.126,0.005
274,I,0,0.775,C,8.5,-97.1,56.2,108.4,62.7,24.8,16.8,0.745,0.205,0.051
275,K,0,0.774,C,94.4,-99.9,130.3,118.1,132.1,9.2,21.7,0.923,0.030,0.047
276,P,0,0.759,C,53.8,-69.7,140.4,109.4,-115.1,14.8,16.8,0.858,0.126,0.016
277,K,0,0.751,C,100.9,-86.7,32.9,107.0,-149.1,10.6,15.8,0.847,0.134,0.019
278,D,0,0.755,C,71.9,-96.6,110.2,111.6,142.6,8.9,18.4,0.830,0.152,0.018
279,T,0,0.758,H,54.7,-69.3,-25.0,96.7,-154.4,15.4,13.4,0.368,0.629,0.003
280,Q,0,0.751,H,111.3,-68.3,-33.3,94.8,58.2,4.4,17.5,0.237,0.761,0.002
281,Q,0,0.740,H,89.5,-71.2,-33.6,96.0,52.2,6.3,18.1,0.191,0.806,0.003
282,A,0,0.736,H,29.3,-71.3,-33.2,97.8,58.7,13.7,15.3,0.199,0.798,0.003
283,L,0,0.738,H,57.2,-76.7,-21.6,100.6,56.9,12.7,16.4,0.292,0.701,0.007
284,S,0,0.738,H,61.7,-78.9,-11.7,102.1,62.8,6.6,17.5,0.461,0.528,0.011
285,R,0,0.746,C,103.4,-81.7,4.3,103.7,81.1,11.3,14.1,0.612,0.371,0.017
286,K,0,0.751,C,111.6,-80.9,15.4,103.9,90.8,7.9,15.5,0.583,0.390,0.027
287,A,0,0.761,C,56.1,-79.9,3.5,103.7,95.1,10.1,14.3,0.586,0.390,0.024
288,S,0,0.760,C,58.0,-85.8,49.9,107.0,90.6,8.8,15.9,0.644,0.311,0.044
289,A,0,0.771,C,54.5,-85.2,35.1,105.8,101.2,9.8,16.7,0.711,0.213,0.076
290,V,0,0.773,C,30.8,-95.5,132.5,117.6,118.5,20.0,12.7,0.852,0.037,0.110
291,N,0,0.780,C,69.0,-86.7,109.8,108.3,-133.0,8.1,21.2,0.960,0.018,0.022
292,M,0,0.795,H,69.1,-65.2,-30.7,94.0,-152.7,16.9,14.3,0.068,0.932,0.000
293,E,0,0.814,H,125.5,-65.1,-37.1,92.7,56.9,2.5,19.0,0.032,0.968,0.000
294,K,0,0.825,H,91.8,-68.1,-36.4,93.5,50.0,6.8,18.5,0.025,0.975,0.000
295,F,0,0.835,H,32.6,-66.5,-39.7,94.3,51.7,18.2,15.6,0.016,0.984,0.000
296,K,0,0.856,H,87.2,-64.7,-39.8,93.7,53.0,10.9,19.8,0.012,0.988,0.000
297,K,0,0.863,H,104.9,-66.3,-39.1,93.3,50.3,4.9,21.6,0.014,0.986,0.000
298,F,0,0.863,H,50.5,-66.7,-40.3,94.2,50.9,12.7,18.8,0.019,0.981,0.000
299,A,0,0.847,H,29.2,-66.3,-39.9,94.4,51.9,12.5,18.8,0.032,0.968,0.000
300,A,0,0.832,H,36.1,-66.6,-39.2,94.1,51.5,10.2,19.5,0.072,0.927,0.000
301,R,0,0.824,H,101.3,-67.9,-36.3,94.1,51.4,9.5,19.0,0.215,0.784,0.001
302,K,0,0.823,C,81.8,-68.1,-35.7,94.8,53.5,12.4,18.2,0.512,0.486,0.003
303,K,0,0.830,C,90.5,-69.4,-34.4,95.1,52.7,9.9,20.1,0.645,0.344,0.011
304,W,0,0.846,C,57.7,-74.3,-31.0,99.9,56.6,15.3,18.4,0.612,0.373,0.015
305,K,0,0.865,H,83.7,-66.5,-37.3,94.7,56.7,11.5,22.2,0.476,0.513,0.011
306,Q,0,0.875,H,60.0,-70.1,-34.5,96.3,52.3,11.4,22.4,0.373,0.612,0.015
307,S,0,0.891,H,15.0,-68.9,-37.6,96.8,55.5,20.3,22.8,0.276,0.712,0.011
308,V,0,0.892,H,22.1,-66.3,-40.1,95.4,53.4,20.8,24.1,0.197,0.779,0.024
309,R,0,0.887,H,65.3,-66.5,-39.9,94.1,52.3,14.2,26.6,0.109,0.879,0.012
310,L,0,0.899,H,9.2,-65.7,-42.9,94.5,51.6,22.9,25.7,0.051,0.943,0.006
311,I,0,0.902,H,8.9,-64.4,-43.3,94.0,51.8,23.9,26.0,0.029,0.967,0.004
312,S,0,0.907,H,28.2,-64.7,-41.2,92.9,51.6,13.5,27.6,0.020,0.978,0.002
313,L,0,0.903,H,12.9,-65.7,-42.4,93.6,50.5,20.0,26.5,0.014,0.986,0.000
314,C,0,0.895,H,2.8,-65.0,-43.6,94.3,51.5,25.7,25.5,0.018,0.981,0.000
315,Q,0,0.868,H,52.0,-64.4,-40.8,92.9,52.1,16.1,25.6,0.033,0.966,0.000
316,R,0,0.831,H,72.0,-67.2,-38.4,92.8,50.7,12.4,26.3,0.082,0.918,0.001
317,L,0,0.817,H,7.6,-67.9,-41.3,95.1,50.6,23.2,23.0,0.153,0.846,0.002
318,S,0,0.801,H,18.0,-66.1,-39.8,94.9,53.3,20.5,22.4,0.239,0.757,0.003
319,R,0,0.792,H,95.6,-67.5,-36.3,94.1,52.9,10.6,23.3,0.199,0.794,0.007
320,S,0,0.784,H,30.4,-73.0,-33.9,96.7,51.7,14.1,21.4,0.244,0.749,0.007
321,F,0,0.769,H,39.6,-84.3,-21.0,100.9,48.5,18.5,18.5,0.361,0.619,0.020
322,L,0,0.752,C,51.0,-82.1,-3.0,103.2,62.8,14.6,17.3,0.533,0.440,0.027
323,S,0,0.735,C,52.5,-88.6,32.6,105.8,65.8,9.8,18.0,0.705,0.265,0.030
324,R,0,0.713,C,111.7,-83.6,23.9,104.5,132.6,11.7,15.1,0.766,0.205,0.029
325,S,0,0.701,C,63.3,-89.1,40.2,107.4,124.9,8.3,16.4,0.739,0.222,0.039
326,N,0,0.689,C,85.1,-90.0,37.7,104.9,63.6,9.2,18.1,0.752,0.191,0.057
327,M,0,0.690,C,50.3,-98.7,124.7,114.6,134.2,16.3,16.8,0.662,0.178,0.160
328,S,0,0.689,C,30.1,-98.8,125.0,113.7,-179.1,14.5,20.4,0.606,0.093,0.301
329,V,0,0.694,C,38.2,-91.4,18.8,106.5,174.1,17.0,19.3,0.521,0.089,0.391
330,A,0,0.697,C,34.5,-89.5,80.3,108.8,101.5,13.7,18.2,0.659,0.074,0.266
331,R,0,0.710,C,81.7,-93.1,95.3,110.1,137.2,12.8,17.6,0.786,0.037,0.177
332,S,0,0.720,C,39.2,-96.8,132.8,114.5,139.0,12.9,15.6,0.815,0.085,0.100
333,D,0,0.746,C,85.8,-84.4,7.4,102.8,-154.8,8.7,16.5,0.845,0.127,0.028
334,D,0,0.743,C,81.7,-87.4,22.0,104.8,92.2,8.8,15.6,0.838,0.145,0.017
335,T,0,0.743,C,63.5,-94.6,111.4,111.4,106.6,9.8,16.3,0.773,0.187,0.040
336,L,0,0.744,C,73.5,-78.4,-7.4,101.9,158.8,12.6,14.9,0.812,0.161,0.027
337,D,0,0.755,C,72.6,-80.8,-4.4,104.7,92.2,9.1,16.1,0.817,0.169,0.014
338,E,0,0.780,H,103.7,-69.0,-28.0,97.1,82.7,8.0,16.4,0.299,0.700,0.001
339,E,0,0.807,H,97.4,-73.7,-26.5,97.2,56.5,8.0,18.2,0.292,0.707,0.001
340,D,0,0.816,H,38.5,-84.2,8.2,104.0,62.0,14.8,17.1,0.276,0.723,0.002
341,S,0,0.819,H,28.7,-70.8,-30.9,99.8,79.7,14.4,19.4,0.167,0.831,0.002
342,F,0,0.831,H,62.1,-66.4,-36.9,94.7,57.0,13.6,22.8,0.125,0.869,0.006
343,V,0,0.832,H,17.3,-65.7,-41.3,94.4,52.1,21.0,23.2,0.096,0.896,0.008
344,M,0,0.852,H,7.2,-65.5,-42.0,94.4,51.6,24.8,24.5,0.047,0.950,0.003
345,K,0,0.857,H,50.2,-64.0,-42.1,93.0,52.9,16.1,26.9,0.021,0.978,0.001
346,A,0,0.869,H,11.4,-64.7,-42.6,93.2,50.6,18.4,27.2,0.012,0.988,0.000
347,I,0,0.877,H,1.4,-64.1,-44.5,93.8,50.1,26.9,27.4,0.008,0.992,0.000
348,I,0,0.874,H,7.8,-64.1,-43.4,93.8,51.1,23.9,26.9,0.007,0.993,0.000
349,H,0,0.860,H,52.1,-64.6,-41.5,92.6,50.2,11.4,27.7,0.010,0.990,0.000
350,A,0,0.842,H,6.3,-65.0,-43.5,93.3,50.5,19.5,22.5,0.017,0.983,0.000
351,I,0,0.816,H,10.5,-65.9,-41.9,94.4,50.9,23.4,18.7,0.036,0.964,0.000
352,N,0,0.798,H,75.1,-68.6,-32.6,93.1,51.4,10.8,20.7,0.144,0.856,0.000
353,D,0,0.784,C,79.6,-93.2,1.4,96.6,46.8,6.3,18.9,0.643,0.355,0.001
354,D,0,0.773,C,82.9,62.7,27.7,94.6,-113.6,10.2,18.8,0.988,0.012,0.001
355,N,0,0.736,C,52.9,-101.8,76.9,106.1,144.7,9.6,18.9,0.985,0.012,0.003
356,V,0,0.721,H,26.7,-64.7,-36.2,94.1,168.9,22.2,17.0,0.154,0.846,0.000
357,P,0,0.705,H,79.0,-63.4,-39.5,91.7,56.2,5.3,23.3,0.116,0.883,0.001
358,G,0,0.714,H,11.3,-65.8,-41.2,93.5,51.1,15.1,21.5,0.059,0.941,0.000
359,L,0,0.744,H,2.2,-64.8,-43.1,94.0,51.9,27.1,20.1,0.016,0.984,0.000
360,Q,0,0.772,H,65.2,-62.8,-41.1,92.2,53.4,14.0,23.9,0.009,0.991,0.000
361,H,0,0.789,H,85.6,-66.4,-38.8,92.4,50.3,7.0,26.3,0.013,0.987,0.000
362,L,0,0.779,H,5.4,-67.7,-41.3,94.6,50.0,23.6,21.7,0.037,0.963,0.000
363,L,0,0.769,H,7.2,-69.2,-35.7,95.1,51.7,24.7,20.7,0.184,0.815,0.001
364,G,0,0.747,C,38.5,-70.5,-28.3,95.7,54.3,9.4,21.2,0.531,0.464,0.005
365,S,0,0.726,C,54.7,-99.1,12.6,106.6,51.2,8.8,20.7,0.723,0.265,0.012
366,L,0,0.722,C,31.0,-86.6,7.4,103.2,104.1,21.0,14.1,0.726,0.257,0.016
367,S,0,0.716,C,57.9,-75.2,-15.4,100.2,98.3,10.5,17.4,0.741,0.237,0.022
368,S,0,0.715,C,70.6,-87.3,7.9,99.3,44.2,5.7,20.0,0.800,0.176,0.023
369,Y,0,0.710,C,32.3,-95.6,137.3,120.1,105.9,21.6,13.1,0.858,0.051,0.091
370,D,0,0.703,C,58.1,-91.4,109.6,109.1,-139.6,9.3,26.1,0.882,0.019,0.099
371,V,0,0.691,C,6.6,-73.9,-22.2,95.7,-158.7,25.3,17.4,0.859,0.091,0.050
372,N,0,0.667,C,56.1,-85.8,-4.7,95.3,60.3,14.0,21.2,0.880,0.075,0.045
373,Q,0,0.634,C,69.9,-92.6,128.7,117.2,101.0,11.1,19.6,0.905,0.012,0.083
374,P,0,0.619,C,57.6,-71.3,141.3,113.1,-114.5,14.1,19.4,0.874,0.010,0.115
375,N,0,0.628,C,33.4,-97.7,172.0,126.3,-147.8,15.2,15.7,0.917,0.015,0.069
376,K,0,0.641,C,142.0,-67.7,-21.1,92.7,-94.5,4.4,18.7,0.947,0.042,0.011
377,H,0,0.654,C,93.2,-91.4,-0.4,96.3,51.1,8.5,16.7,0.958,0.032,0.010
378,G,0,0.680,C,23.1,87.0,6.7,99.1,-103.1,15.7,18.8,0.955,0.020,0.025
379,T,0,0.732,C,26.3,-89.8,142.2,119.6,138.9,14.9,23.6,0.926,0.012,0.063
380,P,0,0.760,C,9.4,-75.3,150.9,118.6,-114.3,21.9,25.8,0.940,0.044,0.016
381,P,0,0.790,H,2.9,-63.4,-34.9,93.6,-108.0,26.5,25.7,0.099,0.901,0.001
382,L,0,0.815,H,1.3,-65.4,-42.3,94.3,51.5,27.7,29.1,0.020,0.980,0.000
383,L,0,0.843,H,4.4,-64.8,-42.6,93.7,51.9,25.2,29.2,0.005,0.994,0.000
384,I,0,0.851,H,10.5,-64.9,-43.0,93.7,50.7,21.5,29.7,0.008,0.992,0.000
385,A,0,0.842,H,1.3,-64.6,-43.9,93.6,49.8,25.7,28.3,0.013,0.987,0.000
386,A,0,0.834,H,1.9,-65.5,-43.1,94.4,50.6,26.0,26.2,0.025,0.975,0.000
387,G,0,0.821,H,18.1,-68.2,-36.2,93.1,49.9,16.9,25.5,0.120,0.880,0.000
388,C,0,0.813,C,41.0,-96.5,-3.2,98.0,43.0,15.8,22.5,0.590,0.409,0.000
389,G,0,0.813,C,24.0,84.2,7.6,96.1,-106.8,16.2,22.3,0.994,0.005,0.001
390,N,0,0.826,C,29.0,-95.7,100.8,108.4,148.1,18.0,21.6,0.992,0.006,0.002
391,I,0,0.870,H,30.7,-67.2,-34.7,94.6,-176.8,21.3,19.7,0.024,0.976,0.000
392,Q,0,0.906,H,92.2,-64.4,-39.0,92.0,55.6,6.2,25.3,0.006,0.994,0.000
393,M,0,0.934,H,7.9,-65.4,-43.6,94.0,50.8,22.3,22.9,0.001,0.999,0.000
394,L,0,0.945,H,2.0,-64.1,-43.7,93.7,51.5,27.1,23.5,0.001,0.999,0.000
395,Q,0,0.941,H,61.2,-63.6,-41.5,92.5,52.5,12.9,26.0,0.000,1.000,0.000
396,L,0,0.937,H,27.0,-64.8,-42.4,92.9,50.3,14.2,25.8,0.000,1.000,0.000
397,L,0,0.922,H,2.0,-65.2,-43.9,93.8,49.8,25.9,21.2,0.001,0.999,0.000
398,I,0,0.906,H,16.5,-64.8,-40.9,93.6,50.7,22.1,19.8,0.005,0.995,0.000
399,K,0,0.890,H,120.4,-68.9,-32.8,92.1,51.5,4.5,21.8,0.072,0.928,0.000
400,R,0,0.846,C,91.9,-92.8,-0.6,96.1,48.0,12.0,16.6,0.837,0.162,0.001
401,G,0,0.814,C,36.5,86.6,8.7,99.4,-101.7,9.9,23.2,0.996,0.002,0.001
402,S,0,0.801,C,7.6,-84.1,145.8,120.0,152.9,24.1,14.9,0.984,0.001,0.014
403,R,0,0.801,C,93.9,-90.8,110.2,109.5,-134.4,9.7,27.6,0.865,0.012,0.123
404,I,0,0.823,C,7.2,-86.0,24.5,105.2,-164.7,25.6,19.1,0.733,0.124,0.143
405,D,0,0.820,C,57.7,-92.7,44.4,103.6,122.3,10.9,24.7,0.739,0.117,0.145
406,V,0,0.811,C,21.4,-102.0,136.1,120.7,145.1,20.8,15.9,0.763,0.043,0.195
407,Q,0,0.784,C,95.9,-105.1,131.3,118.7,-147.2,7.5,23.1,0.740,0.013,0.247
408,D,0,0.746,C,33.3,-91.4,173.7,123.7,-143.3,15.4,14.9,0.935,0.003,0.062
409,K,0,0.692,C,147.9,-68.9,-20.4,94.3,-92.3,3.5,17.3,0.962,0.031,0.008
410,G,0,0.666,C,41.2,-90.6,0.6,96.3,49.7,6.0,15.5,0.964,0.029,0.008
411,G,0,0.659,C,33.8,88.2,6.1,97.9,-102.4,11.2,16.3,0.959,0.022,0.019
412,S,0,0.674,C,32.3,-82.2,146.6,119.1,137.8,11.1,21.7,0.917,0.013,0.070
413,N,0,0.714,C,18.6,-81.9,150.1,120.0,-119.8,20.3,24.4,0.858,0.035,0.107
414,A,0,0.749,H,3.6,-63.6,-35.3,93.2,-110.6,25.7,25.1,0.063,0.937,0.000
415,I,0,0.783,H,1.6,-64.8,-43.2,94.0,51.6,27.5,28.2,0.016,0.984,0.000
416,Y,0,0.810,H,10.0,-64.8,-42.6,93.7,52.0,24.0,28.4,0.006,0.994,0.000
417,W,0,0.792,H,27.4,-65.2,-42.5,93.8,50.9,19.6,29.0,0.005,0.995,0.000
418,A,0,0.785,H,1.5,-64.5,-44.0,93.7,50.1,25.4,27.2,0.004,0.996,0.000
419,S,0,0.762,H,1.9,-65.6,-42.8,94.3,50.6,26.1,26.2,0.008,0.992,0.000
420,R,0,0.738,H,82.8,-68.1,-36.1,93.1,51.0,15.0,26.7,0.053,0.947,0.000
421,H,0,0.737,C,59.3,-100.9,-0.6,98.9,39.0,16.2,23.2,0.570,0.430,0.000
422,G,0,0.750,C,10.7,84.6,6.7,101.0,-108.3,19.2,24.1,0.995,0.004,0.001
423,H,0,0.781,C,16.4,-91.4,103.5,108.9,176.1,22.4,23.0,0.991,0.005,0.003
424,V,0,0.817,H,24.5,-67.1,-35.0,95.0,-172.1,21.4,22.3,0.020,0.980,0.000
425,D,0,0.854,H,59.7,-65.3,-39.3,92.6,54.4,9.4,26.9,0.005,0.995,0.000
426,T,0,0.855,H,2.2,-64.9,-44.3,94.1,50.8,25.3,23.7,0.001,0.999,0.000
427,L,0,0.839,H,2.1,-64.0,-43.7,93.8,51.6,27.0,25.0,0.001,0.999,0.000
428,K,0,0.826,H,76.1,-64.1,-41.1,92.5,52.1,10.5,27.3,0.001,0.999,0.000
429,F,0,0.828,H,24.0,-65.2,-42.9,93.4,50.4,16.5,24.6,0.001,0.999,0.000
430,L,0,0.825,H,2.2,-65.4,-43.7,94.0,50.1,26.1,20.3,0.002,0.998,0.000
431,N,0,0.812,H,33.4,-65.1,-39.8,93.4,50.9,17.3,18.8,0.011,0.989,0.000
432,E,0,0.795,H,114.5,-70.9,-32.3,92.5,49.7,4.1,21.0,0.116,0.884,0.000
433,N,0,0.795,C,52.9,-96.3,0.3,98.9,43.4,14.1,14.2,0.905,0.094,0.001
434,K,0,0.806,C,136.4,61.6,34.9,94.9,-117.4,4.1,22.7,0.997,0.001,0.002
435,C,0,0.828,C,7.7,-95.9,143.8,123.1,155.4,24.3,13.6,0.994,0.000,0.006
436,P,0,0.821,C,43.9,-73.1,123.4,108.6,-113.8,11.8,26.4,0.986,0.001,0.013
437,L,0,0.817,C,9.9,-71.1,-23.6,95.4,-149.3,24.7,19.2,0.851,0.118,0.031
438,D,0,0.823,C,56.7,-88.2,-1.1,95.3,58.8,12.3,21.9,0.816,0.143,0.041
439,V,0,0.820,C,28.4,-81.9,138.0,118.0,108.8,17.8,16.9,0.843,0.024,0.133
440,K,0,0.810,E,107.2,-101.4,133.5,119.2,-139.2,7.9,22.2,0.485,0.003,0.512
441,D,0,0.786,C,19.9,-86.4,170.0,125.3,-133.0,17.2,14.5,0.942,0.001,0.057
442,K,0,0.753,C,145.6,-66.2,-22.9,91.4,-93.8,4.1,17.9,0.987,0.011,0.002
443,S,0,0.716,C,66.7,-91.7,0.9,95.0,52.3,4.9,16.8,0.987,0.011,0.002
444,G,0,0.704,C,29.3,86.4,7.5,95.5,-106.8,12.6,16.0,0.980,0.011,0.009
445,E,0,0.724,C,66.9,-80.3,145.3,119.6,140.4,8.7,20.9,0.936,0.007,0.057
446,T,0,0.758,C,17.8,-79.6,146.0,117.9,-117.5,20.4,22.9,0.486,0.043,0.471
447,A,0,0.790,H,3.5,-63.9,-35.3,93.5,-113.6,25.7,24.6,0.065,0.934,0.001
448,L,0,0.804,H,1.6,-64.8,-42.9,93.9,52.0,27.4,28.0,0.008,0.992,0.000
449,H,0,0.825,H,12.5,-64.4,-42.6,93.6,52.3,22.8,28.3,0.003,0.997,0.000
450,V,0,0.825,H,14.9,-64.9,-42.8,93.5,50.5,19.3,29.0,0.002,0.998,0.000
451,A,0,0.819,H,1.5,-64.5,-44.2,93.8,50.0,25.5,26.7,0.002,0.998,0.000
452,A,0,0.787,H,2.7,-65.5,-42.4,94.3,50.6,25.5,25.1,0.007,0.993,0.000
453,R,0,0.764,H,84.6,-68.3,-36.4,93.1,50.8,14.2,26.1,0.060,0.940,0.000
454,Y,0,0.755,C,67.8,-100.6,-1.7,99.1,39.0,16.3,22.2,0.510,0.490,0.000
455,G,0,0.743,C,12.8,81.0,9.5,97.8,-107.4,18.4,23.7,0.995,0.004,0.001
456,H,0,0.774,C,23.5,-94.1,102.2,109.0,163.1,21.2,22.3,0.992,0.005,0.003
457,A,0,0.816,H,22.4,-66.6,-35.5,94.7,-175.3,20.6,21.5,0.029,0.971,0.000
458,D,0,0.863,H,64.6,-65.0,-39.0,92.3,55.3,8.3,26.7,0.005,0.995,0.000
459,V,0,0.879,H,3.0,-65.2,-44.0,94.1,50.7,25.0,23.9,0.001,0.999,0.000
460,V,0,0.892,H,1.4,-64.1,-43.5,93.7,51.7,27.6,25.5,0.001,0.999,0.000
461,Q,0,0.877,H,63.6,-63.7,-41.3,92.3,52.7,12.9,26.8,0.001,0.999,0.000
462,L,0,0.870,H,20.7,-65.2,-42.4,93.2,50.6,16.9,27.0,0.000,1.000,0.000
463,L,0,0.867,H,0.9,-64.8,-44.1,93.8,49.8,27.8,24.3,0.001,0.999,0.000
464,C,0,0.857,H,7.1,-64.7,-41.3,93.7,50.9,24.1,22.6,0.003,0.997,0.000
465,S,0,0.813,H,57.5,-70.6,-30.8,92.5,51.6,8.1,23.9,0.062,0.938,0.000
466,F,0,0.760,C,51.7,-94.9,-1.1,98.2,46.3,17.2,18.8,0.714,0.285,0.001
467,G,0,0.713,C,29.4,86.6,8.8,101.4,-104.0,14.2,24.3,0.994,0.003,0.003
468,S,0,0.695,C,4.8,-82.4,143.4,117.7,164.3,25.0,18.3,0.988,0.000,0.012
469,N,0,0.696,C,47.9,-94.7,100.5,108.1,-141.7,11.5,28.0,0.983,0.000,0.017
470,P,0,0.719,C,6.1,-70.2,-24.3,95.2,-161.5,25.4,19.8,0.829,0.156,0.015
471,D,0,0.755,C,62.9,-88.7,-1.1,94.3,59.2,11.4,22.2,0.828,0.154,0.018
472,F,0,0.773,C,38.1,-79.2,140.3,118.2,106.6,18.5,16.0,0.875,0.072,0.053
473,Q,0,0.774,C,86.9,-87.9,132.6,115.1,-125.3,10.6,21.6,0.891,0.008,0.101
474,D,0,0.781,C,29.7,-92.7,176.2,125.0,-144.7,15.4,15.1,0.948,0.005,0.047
475,K,0,0.780,C,145.3,-68.2,-21.6,93.4,-92.0,4.0,18.3,0.932,0.064,0.004
476,E,0,0.775,C,95.0,-91.8,0.9,96.0,53.1,7.3,17.1,0.931,0.064,0.005
477,E,0,0.777,C,62.1,73.6,14.1,97.0,-111.3,16.4,17.7,0.927,0.058,0.015
478,E,0,0.784,C,41.7,-89.7,141.9,119.1,140.8,14.1,23.8,0.889,0.031,0.080
479,T,0,0.803,C,7.7,-87.4,154.6,121.8,-124.6,23.5,25.2,0.890,0.082,0.028
480,P,0,0.801,H,2.3,-64.1,-35.0,93.6,-105.5,26.8,26.7,0.051,0.948,0.000
481,L,0,0.813,H,1.1,-65.0,-43.0,93.9,51.7,27.9,29.6,0.006,0.994,0.000
482,H,0,0.840,H,3.5,-64.7,-43.0,93.7,51.6,26.0,29.9,0.002,0.998,0.000
483,C,0,0.850,H,5.1,-65.0,-43.3,93.9,50.8,23.2,29.7,0.003,0.997,0.000
484,A,0,0.847,H,1.1,-64.5,-44.0,93.7,50.1,26.1,28.7,0.004,0.996,0.000
485,A,0,0.840,H,1.3,-65.4,-43.2,94.3,50.5,26.7,27.5,0.015,0.985,0.000
486,W,0,0.828,H,42.8,-68.1,-37.1,94.0,50.9,19.5,27.4,0.192,0.808,0.000
487,H,0,0.835,C,50.2,-98.5,1.7,98.0,41.5,17.4,23.6,0.719,0.280,0.001
488,G,0,0.838,C,8.5,81.9,8.9,96.1,-108.2,19.1,24.4,0.995,0.003,0.002
489,Y,0,0.864,C,25.2,-92.3,105.6,109.6,155.7,21.6,23.8,0.989,0.007,0.004
490,Y,0,0.876,H,33.0,-67.4,-35.5,95.3,-175.5,22.1,22.8,0.021,0.979,0.000
491,S,0,0.889,H,42.0,-64.6,-40.0,92.1,54.8,10.1,27.8,0.005,0.995,0.000
492,V,0,0.892,H,2.9,-65.1,-44.0,94.0,50.3,24.8,25.6,0.001,0.999,0.000
493,A,0,0.876,H,0.7,-64.5,-43.8,93.9,51.4,28.1,26.4,0.000,1.000,0.000
494,K,0,0.876,H,65.0,-63.4,-41.7,92.2,52.6,14.0,27.6,0.000,1.000,0.000
495,A,0,0.867,H,10.9,-64.8,-42.7,93.0,50.6,17.8,27.5,0.000,1.000,0.000
496,L,0,0.884,H,0.9,-64.4,-44.3,93.6,49.7,27.7,25.5,0.000,1.000,0.000
497,C,0,0.901,H,7.2,-64.6,-41.9,93.6,50.6,23.9,23.5,0.003,0.997,0.000
498,E,0,0.882,H,94.9,-69.4,-32.5,92.3,51.1,7.8,24.2,0.050,0.950,0.000
499,V,0,0.868,C,27.8,-90.8,-3.5,96.6,48.6,18.1,17.9,0.684,0.316,0.000
500,G,0,0.854,C,30.0,88.3,8.5,100.6,-103.4,13.9,24.6,0.997,0.001,0.002
501,C,0,0.867,C,2.8,-80.9,143.9,119.6,168.6,26.1,17.9,0.989,0.000,0.011
502,N,0,0.863,C,50.8,-88.9,97.9,107.3,-135.0,10.7,28.2,0.932,0.002,0.066
503,V,0,0.869,C,5.0,-74.8,-22.8,97.1,-168.7,25.8,20.3,0.877,0.084,0.039
504,N,0,0.866,C,65.3,-89.8,4.2,96.1,60.0,11.4,23.6,0.887,0.081,0.032
505,I,0,0.859,C,16.0,-77.6,141.2,117.8,118.3,22.5,16.7,0.924,0.010,0.066
506,K,0,0.833,C,97.0,-106.0,132.9,119.9,-141.7,8.4,24.8,0.696,0.004,0.300
507,N,0,0.809,C,16.0,-89.4,172.5,126.5,-136.5,19.0,14.8,0.961,0.001,0.038
508,R,0,0.802,C,162.1,-66.3,-22.0,91.3,-92.2,4.2,18.1,0.981,0.016,0.003
509,E,0,0.783,C,109.9,-90.6,1.2,93.8,54.3,4.9,15.7,0.986,0.012,0.001
510,G,0,0.776,C,37.9,91.0,7.5,95.2,-104.3,9.0,16.4,0.986,0.009,0.005
511,E,0,0.787,C,54.8,-80.6,144.7,119.6,137.1,11.0,20.6,0.949,0.004,0.047
512,T,0,0.809,C,10.8,-82.5,152.2,120.6,-117.8,22.4,23.4,0.870,0.055,0.075
513,P,0,0.815,H,3.6,-63.4,-35.2,93.0,-109.6,26.1,25.1,0.083,0.916,0.001
514,L,0,0.812,H,1.3,-65.0,-42.9,94.1,52.2,27.7,28.4,0.016,0.984,0.001
515,L,0,0.811,H,7.0,-64.6,-42.6,93.6,52.2,24.1,28.7,0.006,0.994,0.000
516,T,0,0.802,H,14.2,-64.8,-42.6,93.3,50.7,19.3,29.5,0.007,0.993,0.000
517,A,0,0.775,H,1.8,-64.6,-44.0,93.8,49.9,25.0,27.5,0.006,0.994,0.000
518,S,0,0.746,H,2.0,-65.0,-43.3,94.1,50.7,26.0,26.0,0.015,0.985,0.000
519,A,0,0.731,H,26.7,-67.1,-36.9,92.9,50.9,17.5,26.3,0.095,0.905,0.000
520,R,0,0.727,C,82.9,-96.1,0.1,97.0,44.8,14.3,23.2,0.742,0.258,0.000
521,G,0,0.741,C,14.9,82.9,7.6,96.8,-106.7,17.9,23.6,0.997,0.002,0.001
522,Y,0,0.784,C,32.5,-93.8,98.5,108.8,153.7,20.6,22.3,0.988,0.009,0.004
523,H,0,0.829,H,39.5,-66.6,-36.0,95.0,-179.7,20.8,21.6,0.044,0.956,0.000
524,D,0,0.873,H,61.8,-64.9,-39.3,92.2,54.9,8.5,27.3,0.009,0.991,0.000
525,I,0,0.879,H,2.7,-64.8,-44.3,94.0,50.6,25.3,24.2,0.001,0.999,0.000
526,V,0,0.883,H,1.4,-64.1,-43.7,93.7,51.4,27.6,25.8,0.000,1.000,0.000
527,E,0,0.866,H,60.5,-64.0,-41.4,92.6,52.4,12.5,27.4,0.000,1.000,0.000
528,C,0,0.847,H,12.3,-65.0,-43.2,93.5,50.6,17.9,26.0,0.000,1.000,0.000
529,L,0,0.823,H,1.4,-65.0,-44.1,93.9,49.8,26.9,22.5,0.000,1.000,0.000
530,A,0,0.793,H,14.4,-64.5,-40.9,93.4,50.7,20.6,21.0,0.002,0.998,0.000
531,E,0,0.774,H,106.3,-69.3,-33.0,92.2,50.9,5.5,22.2,0.052,0.948,0.000
532,H,0,0.762,C,62.3,-93.3,0.1,95.0,47.4,14.9,15.0,0.901,0.099,0.000
533,G,0,0.747,C,40.2,86.5,10.4,96.9,-102.7,7.4,23.7,0.998,0.001,0.001
534,A,0,0.744,C,4.0,-81.5,144.5,120.6,150.6,25.3,14.4,0.992,0.000,0.008
535,D,0,0.752,C,52.7,-85.4,106.0,107.5,-129.7,10.2,27.9,0.921,0.001,0.078
536,L,0,0.733,C,6.5,-73.1,-23.0,95.9,-161.1,25.5,19.1,0.921,0.038,0.041
537,N,0,0.706,C,70.4,-88.6,2.6,95.2,59.5,10.9,22.4,0.928,0.039,0.033
538,A,0,0.687,C,17.1,-76.3,144.1,118.6,116.2,19.9,16.7,0.926,0.007,0.067
539,S,0,0.696,C,53.0,-101.1,144.7,122.6,-136.2,8.8,23.3,0.692,0.004,0.304
540,D,0,0.723,C,24.4,-86.8,171.4,124.0,-132.1,17.0,14.8,0.957,0.001,0.042
541,K,0,0.734,C,145.4,-67.6,-21.6,92.9,-92.7,4.0,18.1,0.984,0.013,0.003
542,D,0,0.745,C,87.2,-90.6,1.2,95.3,53.3,5.1,16.8,0.982,0.015,0.003
543,G,0,0.756,C,23.1,86.4,7.4,96.0,-105.3,14.6,17.2,0.976,0.014,0.010
544,H,0,0.792,C,59.2,-80.9,145.3,119.4,138.4,10.7,22.3,0.937,0.008,0.054
545,I,0,0.821,C,14.9,-82.5,147.7,118.9,-118.3,22.3,23.8,0.689,0.046,0.265
546,A,0,0.872,H,2.8,-64.0,-34.7,93.6,-111.6,26.0,25.4,0.029,0.971,0.000
547,L,0,0.886,H,0.9,-64.8,-43.0,94.0,51.5,28.5,28.4,0.003,0.997,0.000
548,H,0,0.894,H,13.1,-64.2,-42.6,93.4,52.2,22.7,28.2,0.001,0.999,0.000
549,L,0,0.894,H,21.6,-64.9,-42.2,93.2,50.5,17.7,28.5,0.001,0.999,0.000
550,A,0,0.896,H,1.9,-64.9,-43.9,93.7,50.0,24.9,25.6,0.001,0.999,0.000
551,V,0,0.893,H,4.4,-65.6,-42.3,94.2,50.4,25.2,23.9,0.003,0.997,0.000
552,R,0,0.887,H,85.9,-68.0,-36.5,92.8,50.8,13.9,25.2,0.041,0.959,0.000
553,R,0,0.892,C,86.3,-100.1,0.2,98.0,40.1,13.6,22.0,0.695,0.305,0.000
554,C,0,0.878,C,37.6,70.8,23.7,94.8,-112.8,16.8,21.7,0.997,0.002,0.000
555,Q,0,0.870,C,27.0,-95.8,96.7,108.6,155.6,20.0,21.7,0.995,0.003,0.002
556,M,0,0.873,H,40.5,-66.4,-36.0,94.7,-179.0,20.4,21.1,0.028,0.972,0.000
557,E,0,0.876,H,82.9,-65.1,-38.9,92.3,54.9,8.1,26.6,0.006,0.994,0.000
558,V,0,0.882,H,3.1,-65.2,-44.0,94.1,50.5,24.8,23.8,0.001,0.999,0.000
559,I,0,0.878,H,1.4,-64.3,-43.6,93.8,51.6,27.8,25.1,0.001,0.999,0.000
560,K,0,0.867,H,70.2,-63.7,-41.3,92.4,52.8,13.4,26.8,0.000,1.000,0.000
561,T,0,0.837,H,20.8,-65.0,-42.2,92.9,50.3,15.3,26.5,0.000,1.000,0.000
562,L,0,0.813,H,1.3,-64.9,-44.1,93.8,49.7,26.9,22.2,0.000,1.000,0.000
563,L,0,0.776,H,12.0,-64.6,-41.5,93.7,50.7,23.3,21.3,0.002,0.998,0.000
564,G,0,0.762,H,42.0,-70.3,-29.8,92.4,51.0,6.1,22.9,0.072,0.928,0.000
565,H,0,0.756,C,69.6,-94.7,0.2,96.6,47.7,14.5,18.0,0.909,0.090,0.001
566,G,0,0.750,C,34.1,86.4,8.7,99.1,-102.7,12.4,23.8,0.998,0.001,0.001
567,S,0,0.774,C,4.1,-84.3,145.8,120.4,154.8,25.2,17.5,0.990,0.000,0.010
568,F,0,0.798,C,57.9,-87.4,102.5,108.0,-132.0,13.3,28.0,0.931,0.003,0.066
569,V,0,0.817,C,3.6,-74.0,-24.0,97.1,-165.0,26.2,22.2,0.824,0.123,0.053
570,D,0,0.833,C,31.6,-89.9,-0.4,96.3,58.9,18.0,23.7,0.795,0.144,0.061
571,F,0,0.814,C,19.4,-83.3,139.1,118.7,107.9,22.6,19.1,0.816,0.029,0.155
572,Q,0,0.785,C,81.6,-98.8,132.3,117.9,-136.7,10.6,25.2,0.763,0.004,0.233
573,D,0,0.769,C,14.1,-88.8,167.8,125.6,-134.8,20.9,16.1,0.958,0.001,0.041
574,R,0,0.739,C,148.8,-68.4,-20.0,92.8,-93.0,6.0,20.4,0.988,0.010,0.002
575,H,0,0.711,C,94.6,-93.9,0.7,96.4,50.2,8.2,19.7,0.989,0.008,0.002
576,G,0,0.691,C,14.1,87.6,6.9,97.0,-105.3,17.3,20.7,0.972,0.014,0.015
577,N,0,0.690,C,30.6,-83.4,144.0,118.7,139.9,16.2,23.2,0.919,0.009,0.072
578,T,0,0.718,C,8.5,-90.8,155.5,123.2,-127.6,23.0,26.2,0.864,0.046,0.090
579,P,0,0.746,H,2.1,-63.7,-35.4,93.2,-107.6,27.1,25.9,0.071,0.928,0.001
580,L,0,0.775,H,1.0,-64.9,-42.9,94.0,51.9,28.2,28.8,0.010,0.990,0.000
581,H,0,0.809,H,11.1,-64.9,-42.2,93.8,52.6,23.3,28.6,0.004,0.996,0.000
582,V,0,0.824,H,14.9,-65.1,-42.5,93.5,50.6,19.3,29.0,0.006,0.994,0.000
583,A,0,0.846,H,1.4,-64.9,-43.8,93.8,49.9,25.6,26.3,0.010,0.990,0.000
584,C,0,0.840,H,3.6,-66.1,-41.8,94.5,50.8,25.3,24.6,0.031,0.969,0.000
585,K,0,0.804,H,80.3,-68.0,-36.7,93.3,51.1,13.6,25.8,0.147,0.853,0.000
586,D,0,0.779,C,57.8,-99.9,2.4,99.4,39.5,13.5,22.8,0.657,0.343,0.000
587,G,0,0.748,C,15.6,79.1,11.5,96.8,-107.9,18.0,22.0,0.993,0.005,0.001
588,S,0,0.751,C,18.0,-96.5,84.6,107.4,151.5,19.3,21.9,0.990,0.008,0.003
589,A,0,0.778,H,18.3,-65.0,-37.5,94.5,173.6,21.5,21.3,0.039,0.961,0.000
590,P,0,0.817,H,48.8,-64.6,-39.6,92.1,55.0,10.1,27.2,0.012,0.987,0.000
591,I,0,0.876,H,4.0,-65.4,-43.5,94.1,50.3,24.5,25.2,0.001,0.999,0.000
592,V,0,0.912,H,1.0,-64.7,-43.5,94.0,51.4,28.1,26.2,0.001,0.999,0.000
593,V,0,0.929,H,32.6,-63.6,-42.2,92.7,52.6,15.9,27.5,0.000,1.000,0.000
594,A,0,0.923,H,11.8,-64.8,-42.6,93.0,50.7,17.5,27.5,0.000,1.000,0.000
595,L,0,0.919,H,0.8,-64.4,-44.4,93.7,49.8,27.8,25.0,0.000,1.000,0.000
596,C,0,0.916,H,7.7,-64.3,-42.2,93.7,50.8,23.7,23.3,0.001,0.999,0.000
597,E,0,0.891,H,98.6,-68.4,-33.0,91.9,51.1,6.7,24.8,0.042,0.958,0.000
598,A,0,0.876,C,18.6,-89.6,-2.8,95.7,52.5,18.1,16.9,0.863,0.136,0.000
599,S,0,0.860,C,55.5,75.9,20.9,96.3,-108.7,10.6,24.6,0.998,0.001,0.001
600,C,0,0.861,C,3.4,-81.9,143.0,119.5,167.4,26.0,15.6,0.992,0.000,0.008
601,N,0,0.847,C,58.1,-86.7,96.1,106.4,-132.9,9.7,28.0,0.957,0.002,0.041
602,L,0,0.856,C,6.7,-76.0,-21.3,97.6,-169.9,25.5,19.2,0.925,0.036,0.038
603,D,0,0.864,C,60.6,-87.8,4.6,96.7,61.8,11.7,23.1,0.929,0.036,0.035
604,I,0,0.843,C,18.8,-83.6,136.7,117.5,114.1,22.1,17.4,0.909,0.004,0.087
605,S,0,0.824,C,45.9,-90.1,139.2,118.0,-131.7,10.1,24.9,0.608,0.003,0.389
606,N,0,0.804,C,16.3,-91.9,167.7,125.5,-138.0,20.8,15.7,0.934,0.002,0.064
607,K,0,0.811,C,133.8,-68.3,-20.6,92.6,-92.9,5.3,20.1,0.983,0.013,0.003
608,Y,0,0.795,C,108.7,-93.6,0.3,95.8,49.7,8.4,17.0,0.988,0.010,0.002
609,G,0,0.794,C,24.5,86.0,7.5,95.6,-107.2,15.0,19.3,0.977,0.013,0.011
610,R,0,0.799,C,75.1,-88.8,144.4,120.8,133.8,11.7,23.3,0.926,0.005,0.069
611,T,0,0.816,C,9.0,-80.5,152.2,120.4,-116.4,22.6,25.0,0.948,0.019,0.033
612,P,0,0.834,H,2.8,-63.3,-34.8,93.0,-108.7,26.4,25.5,0.103,0.897,0.000
613,L,0,0.839,H,1.2,-65.3,-42.7,94.2,52.1,28.0,28.5,0.018,0.981,0.000
614,H,0,0.850,H,9.9,-64.6,-42.3,93.5,52.5,23.6,28.7,0.006,0.994,0.000
615,L,0,0.856,H,18.7,-65.0,-42.3,93.3,50.7,19.0,29.5,0.006,0.994,0.000
616,A,0,0.838,H,1.6,-64.8,-43.8,93.8,50.0,25.2,27.1,0.008,0.992,0.000
617,A,0,0.820,H,2.2,-65.3,-42.8,94.2,50.9,25.9,25.5,0.016,0.984,0.000
618,N,0,0.802,H,56.9,-68.1,-35.1,92.9,51.3,15.0,26.3,0.093,0.907,0.000
619,N,0,0.792,C,52.0,-98.5,0.6,98.5,42.4,15.3,22.9,0.699,0.301,0.001
620,G,0,0.802,C,12.3,79.4,11.7,98.0,-107.6,18.9,23.4,0.994,0.004,0.002
621,I,0,0.854,C,19.8,-92.8,100.3,108.7,166.1,21.4,23.5,0.981,0.011,0.008
622,L,0,0.905,H,21.6,-66.6,-36.4,94.9,-177.6,22.3,22.6,0.041,0.959,0.000
623,D,0,0.960,H,50.9,-64.9,-39.4,92.5,55.0,11.6,26.9,0.007,0.993,0.000
624,V,0,0.992,H,2.6,-64.9,-44.0,94.1,50.7,25.5,25.8,0.001,0.999,0.000
625,V,0,1.010,H,1.4,-64.4,-43.6,93.9,51.4,27.5,26.8,0.001,0.999,0.000
626,R,0,1.018,H,57.3,-64.1,-41.7,92.7,52.6,16.4,28.0,0.000,1.000,0.000
627,Y,0,1.015,H,17.8,-65.3,-42.6,93.6,50.2,20.1,28.2,0.000,1.000,0.000
628,L,0,0.995,H,0.8,-64.4,-44.2,93.7,49.8,27.9,26.6,0.000,1.000,0.000
629,C,0,0.970,H,4.6,-64.8,-42.2,93.9,50.6,25.0,24.5,0.001,0.999,0.000
630,L,0,0.914,H,64.0,-68.5,-34.7,92.6,51.4,12.7,24.8,0.029,0.971,0.000
631,M,0,0.864,C,36.4,-91.1,-2.3,95.8,50.0,18.0,18.4,0.789,0.211,0.000
632,G,0,0.818,C,32.5,86.4,9.1,97.9,-103.6,13.1,24.3,0.998,0.001,0.001
633,A,0,0.809,C,2.8,-79.1,145.8,120.4,157.1,25.8,16.2,0.993,0.000,0.007
634,N,0,0.815,C,50.1,-86.1,99.2,106.6,-131.0,10.7,27.9,0.957,0.001,0.042
635,V,0,0.827,C,7.6,-72.3,-23.6,95.3,-163.2,25.1,18.7,0.847,0.114,0.039
636,E,0,0.826,C,96.7,-89.5,-0.3,94.7,59.0,8.3,22.3,0.843,0.113,0.044
637,A,0,0.819,C,14.5,-75.1,144.2,118.0,115.2,21.2,15.9,0.916,0.016,0.067
638,L,0,0.797,C,71.2,-90.8,136.6,117.2,-129.5,11.2,21.5,0.537,0.003,0.460
639,T,0,0.780,C,22.2,-92.6,174.7,127.0,-138.9,14.3,15.7,0.952,0.001,0.048
640,S,0,0.757,C,90.8,-64.4,-24.4,90.0,-92.6,2.9,15.5,0.980,0.018,0.002
641,D,0,0.730,C,90.8,-90.5,1.3,94.9,53.2,4.4,15.4,0.982,0.017,0.002
642,G,0,0.706,C,37.0,87.6,7.3,94.6,-105.6,9.4,14.5,0.986,0.008,0.006
643,K,0,0.715,C,77.6,-80.9,146.5,120.3,137.0,7.9,20.3,0.926,0.004,0.070
644,T,0,0.737,E,24.6,-82.8,152.3,121.3,-119.8,15.8,25.0,0.457,0.007,0.536
645,A,0,0.768,H,2.8,-60.9,-37.3,91.1,-111.7,26.5,20.1,0.040,0.960,0.000
646,E,0,0.790,H,18.5,-63.0,-41.9,93.0,53.7,22.1,24.0,0.008,0.992,0.000
647,D,0,0.787,H,49.8,-64.6,-40.8,92.5,51.4,9.8,27.3,0.005,0.995,0.000
648,L,0,0.773,H,17.5,-65.3,-43.0,93.4,49.8,16.9,23.1,0.006,0.994,0.000
649,A,0,0.761,H,3.8,-65.1,-43.1,93.9,50.5,24.2,17.9,0.008,0.992,0.000
650,K,0,0.736,H,78.1,-64.7,-39.7,93.0,51.3,13.4,19.4,0.017,0.983,0.000
651,A,0,0.728,H,57.5,-68.5,-34.3,92.4,50.2,6.5,20.3,0.081,0.919,0.000
652,E,0,0.737,C,72.7,-95.3,1.1,95.3,45.0,11.3,13.8,0.818,0.182,0.000
653,Q,0,0.746,C,126.3,62.8,32.3,91.3,-116.2,3.6,21.3,0.997,0.003,0.000
654,H,0,0.768,C,29.8,-101.7,87.8,108.5,150.7,19.6,14.5,0.994,0.005,0.000
655,E,0,0.788,H,82.2,-65.9,-34.4,94.9,174.3,12.8,19.1,0.035,0.965,0.000
656,H,0,0.793,H,90.8,-66.4,-37.6,92.9,54.6,7.8,24.9,0.016,0.984,0.000
657,V,0,0.799,H,3.0,-65.2,-43.8,94.2,50.9,25.4,21.8,0.002,0.998,0.000
658,A,0,0.788,H,5.2,-62.5,-43.2,93.0,52.8,24.1,23.3,0.001,0.999,0.000
659,G,0,0.769,H,24.7,-63.9,-41.2,92.2,51.8,8.8,27.3,0.002,0.998,0.000
660,L,0,0.775,H,14.7,-65.3,-43.0,93.5,50.6,18.5,24.8,0.001,0.999,0.000
661,L,0,0.779,H,2.9,-65.2,-43.3,94.2,50.7,26.1,22.7,0.003,0.997,0.000
662,A,0,0.780,H,26.4,-64.7,-39.9,93.1,51.7,16.5,22.8,0.025,0.975,0.000
663,R,0,0.767,H,107.4,-69.5,-34.5,93.1,50.6,7.5,23.1,0.181,0.819,0.000
664,L,0,0.758,H,20.8,-74.7,-28.7,96.8,53.0,20.4,16.7,0.474,0.525,0.001
665,R,0,0.752,C,84.7,-74.2,-21.9,99.7,62.5,14.9,16.4,0.722,0.270,0.008
666,K,0,0.758,C,113.1,-71.9,-24.5,99.0,79.7,7.7,17.4,0.575,0.418,0.007
667,D,0,0.778,C,88.8,-79.7,-5.7,99.8,54.3,6.8,17.7,0.559,0.434,0.007
668,T,0,0.775,C,59.1,-92.0,-1.8,104.1,58.5,11.4,17.5,0.527,0.447,0.026
669,H,0,0.789,C,51.1,-90.2,11.0,105.9,80.2,15.3,17.3,0.584,0.352,0.064
670,R,0,0.776,H,57.0,-69.7,-36.6,97.6,78.3,17.0,18.0,0.335,0.646,0.019
671,G,0,0.782,H,28.9,-64.2,-39.7,96.3,55.5,11.2,20.5,0.251,0.743,0.007
672,L,0,0.817,H,55.7,-67.8,-37.2,95.3,53.2,10.3,20.8,0.094,0.904,0.003
673,F,0,0.851,H,24.8,-67.7,-40.4,95.2,51.4,20.1,19.0,0.057,0.940,0.003
674,I,0,0.858,H,21.2,-66.1,-39.6,94.6,53.1,21.7,18.7,0.048,0.950,0.003
675,Q,0,0.842,H,91.5,-66.8,-35.1,93.5,53.7,7.3,22.2,0.093,0.904,0.003
676,Q,0,0.825,H,59.9,-75.3,-26.8,95.5,52.1,11.9,19.7,0.190,0.808,0.002
677,L,0,0.808,H,16.0,-81.2,-9.5,102.8,62.8,23.1,14.8,0.449,0.540,0.011
678,R,0,0.808,C,90.4,-84.6,92.8,108.5,97.9,12.3,18.3,0.928,0.048,0.024
679,P,0,0.791,C,65.7,-73.7,26.6,103.5,-145.8,10.6,17.4,0.863,0.115,0.022
680,T,0,0.780,C,58.0,-94.4,64.1,109.0,92.4,12.1,14.9,0.847,0.119,0.034
681,Q,0,0.761,C,101.6,-82.6,5.6,102.9,148.8,8.8,15.8,0.902,0.083,0.016
682,N,0,0.762,C,92.9,-91.7,75.0,107.2,64.4,6.8,17.5,0.929,0.051,0.020
683,L,0,0.778,C,52.5,-84.3,105.0,108.8,-175.0,14.9,16.6,0.908,0.027,0.065
684,Q,0,0.807,C,35.3,-98.4,130.6,117.4,-155.5,18.8,17.5,0.918,0.006,0.075
685,P,0,0.822,C,50.1,-75.7,-8.1,101.0,-142.9,13.6,22.6,0.903,0.046,0.050
686,R,0,0.831,C,52.5,-117.6,134.3,121.3,55.5,16.8,24.1,0.611,0.062,0.327
687,I,0,0.829,E,6.0,-117.8,135.6,125.6,-174.7,25.3,20.3,0.191,0.007,0.802
688,K,0,0.831,E,49.5,-103.0,124.0,116.2,-150.1,14.4,27.8,0.077,0.004,0.919
689,L,0,0.825,E,3.3,-116.3,133.4,124.3,-165.2,26.4,22.2,0.052,0.002,0.946
690,K,0,0.803,E,40.6,-106.9,124.3,117.5,-158.1,16.1,28.4,0.057,0.004,0.939
691,L,0,0.775,E,4.1,-111.6,128.9,121.2,-164.8,25.9,24.2,0.165,0.009,0.826
692,F,0,0.736,E,31.6,-110.2,126.5,119.1,-163.4,18.8,27.8,0.367,0.011,0.622
693,G,0,0.693,C,7.1,-137.9,162.8,130.0,172.8,22.8,23.6,0.653,0.015,0.332
694,H,0,0.661,C,42.6,-103.4,131.4,117.7,-129.1,17.8,25.2,0.810,0.014,0.176
695,S,0,0.621,C,40.1,-79.4,117.0,108.4,-129.7,15.5,21.6,0.893,0.035,0.073
696,G,0,0.587,C,33.0,78.9,-13.2,106.6,16.1,11.0,18.5,0.880,0.081,0.039
697,S,0,0.576,C,56.4,-84.1,11.6,102.1,83.9,11.0,17.6,0.881,0.082,0.037
698,G,0,0.594,C,37.8,82.9,1.3,103.0,-73.1,9.9,17.5,0.877,0.087,0.036
699,K,0,0.637,C,111.3,-95.8,111.3,111.9,109.1,7.7,18.6,0.852,0.099,0.049
700,S,0,0.680,C,25.0,-88.2,147.8,118.9,-142.6,18.3,16.9,0.790,0.163,0.047
701,T,0,0.730,H,44.6,-73.0,-26.1,98.7,-133.9,14.3,23.6,0.406,0.567,0.028
702,L,0,0.784,H,5.1,-64.8,-41.7,94.2,54.7,25.5,21.8,0.134,0.858,0.008
703,V,0,0.817,H,21.3,-62.6,-42.1,92.7,53.6,20.0,23.3,0.053,0.936,0.012
704,E,0,0.828,H,72.5,-65.0,-40.2,92.6,51.1,8.8,26.9,0.032,0.953,0.015
705,S,0,0.834,H,7.7,-66.2,-42.6,93.9,50.7,20.5,23.4,0.045,0.933,0.022
706,L,0,0.831,H,6.5,-66.1,-41.8,94.6,50.8,24.7,22.2,0.049,0.923,0.028
707,K,0,0.838,H,80.0,-67.5,-35.9,93.2,51.8,13.3,24.1,0.133,0.832,0.035
708,C,0,0.839,H,41.9,-82.4,-18.0,97.0,51.2,14.3,23.0,0.360,0.609,0.031
709,G,0,0.814,C,17.6,95.0,7.2,109.4,-104.3,18.5,22.9,0.715,0.238,0.047
710,L,0,0.825,C,29.4,-78.6,-27.9,100.4,110.9,18.6,22.1,0.539,0.339,0.122
711,L,0,0.839,H,16.8,-74.5,-30.8,100.0,58.1,23.2,19.3,0.395,0.476,0.129
712,R,0,0.865,H,107.2,-71.3,-35.3,97.8,84.2,11.1,21.7,0.345,0.485,0.170
713,S,0,0.858,H,35.8,-72.4,-33.5,98.5,54.5,10.4,22.2,0.343,0.456,0.201
714,F,0,0.855,H,31.1,-69.7,-36.5,95.7,56.7,19.1,19.7,0.315,0.405,0.280
715,F,0,0.842,H,27.8,-71.1,-34.5,97.2,59.1,22.0,17.4,0.343,0.344,0.313
716,R,0,0.825,C,107.8,-67.2,-35.8,94.6,56.1,9.4,20.8,0.517,0.266,0.216
717,R,0,0.806,C,91.2,-72.7,-29.8,96.6,55.4,10.6,18.7,0.565,0.224,0.211
718,R,0,0.774,C,66.5,-78.3,-25.3,99.0,54.5,15.4,16.6,0.575,0.166,0.259
719,R,0,0.750,C,88.1,-71.2,-31.5,98.5,64.4,14.3,17.0,0.681,0.107,0.212
720,P,0,0.717,C,69.6,-66.4,-34.1,94.7,55.8,8.2,20.4,0.658,0.210,0.131
721,R,0,0.692,C,81.5,-73.3,-30.1,95.9,51.7,11.7,18.6,0.663,0.185,0.152
722,L,0,0.666,C,24.1,-80.3,-15.2,101.8,65.1,22.0,14.5,0.707,0.160,0.133
723,S,0,0.648,C,46.8,-85.9,35.3,106.4,72.1,12.4,17.2,0.782,0.083,0.135
724,S,0,0.636,C,60.0,-86.3,17.2,103.5,99.7,9.6,16.7,0.802,0.122,0.076
725,T,0,0.623,C,66.9,-95.9,102.1,111.2,101.8,9.8,15.8,0.845,0.098,0.057
726,N,0,0.634,C,70.1,-95.3,106.4,110.9,162.0,10.7,17.0,0.846,0.089,0.065
727,S,0,0.645,C,48.5,-77.9,-11.6,100.8,-178.4,13.2,13.9,0.827,0.101,0.072
728,T,0,0.642,C,84.9,-83.0,-6.3,101.0,75.1,6.4,16.8,0.884,0.064,0.052
729,R,0,0.657,C,112.5,-94.0,76.0,109.5,72.6,8.7,16.5,0.909,0.018,0.073
730,F,0,0.679,C,59.4,-104.5,131.9,119.9,148.3,15.9,15.1,0.887,0.005,0.108
731,P,0,0.678,C,58.9,-72.1,148.0,113.7,-109.9,11.0,18.1,0.974,0.001,0.026
732,P,0,0.676,C,68.2,-70.5,143.3,111.0,-99.5,11.9,17.4,0.963,0.015,0.022
733,S,0,0.671,C,34.3,-87.5,135.6,115.7,-128.1,14.9,15.8,0.885,0.049,0.066
734,P,0,0.653,C,64.8,-70.0,-18.2,96.7,-132.9,12.8,16.6,0.762,0.214,0.024
735,L,0,0.654,C,91.2,-80.2,-10.3,99.4,65.4,8.4,18.1,0.685,0.268,0.047
736,A,0,0.662,C,43.2,-83.4,101.0,108.6,95.0,11.8,15.1,0.689,0.263,0.049
737,A,0,0.670,C,47.5,-87.6,90.4,108.7,125.9,11.2,16.5,0.747,0.172,0.081
738,K,0,0.693,C,99.8,-101.2,127.9,117.2,179.0,9.8,19.6,0.896,0.049,0.055
739,P,0,0.721,C,29.5,-69.1,147.5,114.3,-109.3,19.1,16.8,0.893,0.062,0.046
740,T,0,0.734,C,58.5,-88.8,129.9,113.4,-130.1,11.8,23.5,0.632,0.081,0.287
741,V,0,0.748,E,24.0,-107.5,134.0,120.8,-155.8,21.5,17.9,0.453,0.062,0.485
742,S,0,0.759,E,35.6,-114.5,136.4,121.6,-167.0,13.8,23.2,0.398,0.052,0.550
743,V,0,0.766,E,27.5,-111.1,133.1,121.5,-156.2,19.3,19.7,0.404,0.112,0.484
744,S,0,0.758,E,38.0,-103.6,128.7,117.1,-154.2,13.6,23.9,0.420,0.124,0.455
745,I,0,0.750,C,27.3,-107.5,127.9,117.3,-161.3,20.2,21.2,0.546,0.154,0.299
746,N,0,0.745,C,36.9,-102.3,116.5,113.8,-159.5,16.9,21.1,0.769,0.081,0.150
747,N,0,0.749,C,46.2,-100.3,89.5,110.7,-158.5,14.2,20.9,0.817,0.053,0.130
748,L,0,0.756,C,40.1,-96.2,113.1,112.1,-175.7,16.8,19.5,0.739,0.058,0.203
749,Y,0,0.759,C,52.4,-106.8,128.3,118.6,-162.8,16.6,19.9,0.748,0.045,0.207
750,P,0,0.756,C,54.1,-73.0,134.8,109.9,-116.0,13.8,20.5,0.812,0.085,0.103
751,G,0,0.764,C,27.2,107.5,179.1,114.5,-23.7,13.2,20.6,0.785,0.085,0.130
752,C,0,0.782,C,15.6,-99.1,138.0,120.1,-138.4,22.7,18.9,0.718,0.134,0.148
753,E,0,0.793,C,74.5,-96.3,116.0,112.0,-143.2,12.9,25.2,0.682,0.139,0.178
754,N,0,0.793,C,47.9,-105.0,75.5,109.8,21.4,13.2,22.6,0.684,0.131,0.185
755,V,0,0.806,C,10.9,-115.8,137.8,124.7,-177.7,23.2,21.5,0.569,0.138,0.293
756,S,0,0.811,E,21.1,-113.4,134.6,122.6,-157.7,17.2,27.1,0.406,0.074,0.520
757,V,0,0.814,E,8.9,-117.1,135.0,124.6,-158.5,23.9,24.5,0.340,0.067,0.592
758,R,0,0.810,E,33.5,-120.1,138.8,126.3,-167.8,19.1,27.0,0.388,0.057,0.554
759,S,0,0.805,C,14.3,-97.1,133.7,118.2,-138.8,21.1,25.6,0.447,0.116,0.437
760,R,0,0.790,C,37.0,-103.4,128.6,116.1,-153.5,20.1,24.7,0.457,0.191,0.352
761,S,0,0.769,E,19.5,-103.9,129.9,116.4,-155.6,20.0,24.2,0.397,0.205,0.398
762,M,0,0.760,C,37.3,-100.9,109.6,112.8,-157.5,18.5,24.4,0.418,0.237,0.345
763,M,0,0.766,C,33.6,-94.9,96.2,110.4,-174.3,19.0,23.9,0.495,0.207,0.298
764,F,0,0.768,C,27.0,-93.6,73.1,108.7,163.5,21.6,23.2,0.629,0.152,0.219
765,E,0,0.766,C,44.2,-84.8,73.0,108.2,140.0,15.3,20.7,0.836,0.083,0.081
766,P,0,0.748,C,45.6,-66.4,-30.9,94.6,52.3,13.2,20.8,0.723,0.231,0.047
767,G,0,0.735,C,20.6,-69.5,-29.1,95.3,53.9,14.8,20.2,0.671,0.265,0.065
768,L,0,0.748,C,30.1,-75.5,-24.2,97.2,61.3,20.1,18.7,0.650,0.263,0.087
769,T,0,0.756,C,28.9,-92.0,7.1,104.6,55.7,18.7,18.9,0.668,0.210,0.122
770,K,0,0.762,C,96.1,-71.0,-13.5,99.6,72.9,9.9,19.4,0.725,0.190,0.085
771,G,0,0.759,C,31.0,-27.3,-26.0,101.9,35.1,10.3,20.3,0.728,0.168,0.104
772,M,0,0.776,C,29.8,-72.5,-32.4,96.6,63.1,19.7,19.6,0.546,0.220,0.234
773,L,0,0.796,E,29.9,-74.5,-26.4,100.3,67.1,21.4,18.8,0.371,0.217,0.411
774,E,0,0.818,E,71.9,-79.7,-24.0,102.4,86.8,10.5,24.2,0.278,0.217,0.506
775,V,0,0.822,E,15.0,-90.0,-16.5,106.9,61.0,21.7,23.0,0.228,0.147,0.625
776,F,0,0.817,E,8.5,-101.3,121.1,114.7,110.8,25.1,22.6,0.189,0.064,0.747
777,V,0,0.788,E,33.5,-108.5,128.6,118.2,-166.3,16.5,26.1,0.234,0.047,0.719
778,A,0,0.747,E,15.7,-110.4,132.9,121.1,-172.5,20.9,21.2,0.387,0.047,0.566
779,P,0,0.721,C,30.8,-75.9,140.1,111.2,-127.6,17.8,23.1,0.594,0.104,0.302
780,S,0,0.720,C,24.0,-112.5,136.2,121.2,-154.1,18.5,23.8,0.540,0.136,0.324
781,H,0,0.733,C,32.2,-113.4,133.5,121.0,-157.9,19.8,24.7,0.486,0.142,0.372
782,H,0,0.745,C,25.3,-115.0,133.3,122.3,-161.5,20.5,25.5,0.449,0.107,0.444
783,L,0,0.765,C,11.9,-116.7,134.5,124.0,-160.9,22.8,25.3,0.489,0.054,0.458
784,H,0,0.770,C,20.8,-121.2,138.3,126.2,-167.7,20.4,26.7,0.489,0.034,0.477
785,C,0,0.772,C,11.3,-118.0,137.5,124.9,-162.0,22.7,23.7,0.583,0.022,0.396
786,S,0,0.762,C,21.7,-112.8,141.6,123.4,-159.8,17.3,20.7,0.715,0.025,0.260
787,T,0,0.757,C,66.5,-89.9,7.6,103.8,-147.5,11.6,20.0,0.847,0.032,0.121
788,D,0,0.771,C,57.9,-96.9,106.3,111.4,123.4,11.5,16.7,0.853,0.048,0.099
789,D,0,0.768,C,90.0,-78.8,4.6,100.5,-145.7,8.2,17.5,0.853,0.093,0.054
790,Q,0,0.765,C,94.1,-95.0,42.1,107.1,85.3,8.8,18.9,0.732,0.124,0.145
791,S,0,0.778,C,26.0,-103.1,133.6,118.0,140.3,17.6,18.4,0.714,0.063,0.223
792,T,0,0.796,C,23.3,-106.5,129.3,117.8,-158.6,20.5,21.4,0.570,0.096,0.334
793,K,0,0.822,E,48.0,-109.2,129.3,118.0,-165.4,16.8,25.9,0.419,0.067,0.514
794,A,0,0.862,E,8.5,-126.2,146.6,129.0,-169.1,23.1,25.1,0.321,0.037,0.641
795,I,0,0.890,E,7.0,-120.7,135.5,125.7,-158.6,24.7,23.9,0.225,0.028,0.747
796,D,0,0.918,E,26.2,-106.6,125.6,117.8,-155.6,15.1,28.0,0.190,0.029,0.781
797,I,0,0.907,E,7.0,-107.0,125.2,118.2,-157.6,25.3,20.4,0.283,0.059,0.658
798,Q,0,0.903,E,51.6,-111.4,134.9,119.9,-172.2,13.1,25.7,0.378,0.094,0.528
799,N,0,0.877,C,33.6,-97.9,122.4,114.1,-144.0,17.8,21.0,0.515,0.109,0.376
800,A,0,0.879,C,25.4,-104.0,133.7,115.7,-168.7,16.2,19.5,0.508,0.126,0.366
801,Y,0,0.856,C,64.5,-101.9,129.8,115.6,-155.8,13.1,20.0,0.497,0.136,0.366
802,L,0,0.838,C,55.3,-95.2,113.7,111.8,-156.6,14.7,17.0,0.671,0.155,0.174
803,N,0,0.818,C,94.3,-70.1,42.3,102.1,-5.8,7.5,17.2,0.876,0.071,0.053
804,G,0,0.809,C,48.9,79.7,-2.8,102.8,-43.7,4.8,16.3,0.905,0.041,0.055
805,V,0,0.812,C,71.8,-99.2,125.0,114.6,117.7,10.2,15.1,0.808,0.058,0.134
806,G,0,0.816,C,30.4,-115.1,173.8,119.4,-167.4,11.4,18.5,0.764,0.044,0.191
807,D,0,0.850,C,63.3,-105.2,133.8,118.7,-121.7,11.3,22.1,0.597,0.075,0.329
808,F,0,0.876,E,11.2,-126.6,144.7,130.6,-168.4,24.1,20.8,0.243,0.013,0.744
809,S,0,0.890,E,15.0,-121.3,140.4,126.9,-162.0,18.8,27.3,0.241,0.023,0.735
810,V,0,0.908,E,8.6,-116.1,131.8,122.9,-157.8,23.9,25.8,0.167,0.017,0.815
811,W,0,0.913,E,18.8,-118.6,137.5,125.6,-166.5,23.1,24.2,0.236,0.028,0.735
812,E,0,0.912,E,40.6,-109.2,130.5,119.8,-157.2,15.3,26.8,0.379,0.060,0.561
813,F,0,0.887,C,13.3,-95.8,83.3,109.9,-160.0,24.6,17.0,0.529,0.057,0.414
814,S,0,0.861,C,44.4,-91.4,53.5,106.7,87.1,13.0,19.0,0.757,0.027,0.217
815,G,0,0.839,C,41.4,84.8,-4.4,104.2,-4.4,6.8,17.9,0.881,0.015,0.104
816,N,0,0.848,C,60.1,-103.2,123.2,117.1,88.1,12.3,17.6,0.890,0.010,0.100
817,P,0,0.883,C,46.1,-71.7,142.3,110.9,-127.4,13.6,20.4,0.872,0.060,0.068
818,V,0,0.931,C,33.9,-94.4,135.3,117.7,-112.2,17.8,23.9,0.766,0.082,0.152
819,Y,0,0.978,C,8.2,-116.9,137.4,125.9,-156.3,24.8,24.5,0.541,0.089,0.371
820,F,0,1.024,E,7.1,-114.3,134.8,123.4,-157.4,24.0,28.6,0.415,0.057,0.529
821,C,0,1.046,E,1.4,-112.5,131.6,122.2,-154.5,26.8,28.7,0.434,0.081,0.485
822,C,0,1.058,C,2.7,-111.3,130.4,121.0,-161.2,25.4,28.7,0.463,0.249,0.288
823,Y,0,1.039,H,6.6,-111.3,129.2,120.2,-160.2,25.0,28.1,0.346,0.395,0.259
824,D,0,1.034,H,7.7,-108.4,128.7,119.1,-158.6,23.9,27.8,0.334,0.403,0.263
825,Y,0,1.004,H,7.3,-114.7,129.7,121.0,-160.3,24.9,28.4,0.298,0.394,0.308
826,F,0,0.958,E,3.5,-108.7,128.5,119.7,-161.0,26.0,28.7,0.266,0.271,0.463
827,A,0,0.898,E,3.2,-110.2,127.4,119.4,-161.9,25.2,28.3,0.384,0.151,0.465
828,A,0,0.870,C,9.6,-128.7,150.6,127.2,-176.5,22.7,27.1,0.669,0.078,0.253
829,N,0,0.856,C,36.4,-96.9,18.4,107.5,-157.9,19.2,25.1,0.829,0.033,0.138
830,D,0,0.867,C,43.1,-111.7,134.1,121.4,62.8,13.5,24.5,0.890,0.008,0.102
831,P,0,0.852,C,62.2,-69.7,-18.5,97.3,-134.9,14.7,19.4,0.931,0.031,0.037
832,T,0,0.872,C,53.7,-93.0,4.0,99.8,47.2,11.9,23.4,0.921,0.011,0.067
833,S,0,0.897,C,8.6,-108.9,140.4,123.7,98.8,22.9,23.8,0.623,0.021,0.355
834,I,0,0.934,E,1.6,-113.2,131.8,122.8,-147.8,27.4,26.6,0.213,0.003,0.785
835,H,0,0.980,E,2.4,-115.7,130.0,122.2,-160.0,26.0,30.1,0.041,0.000,0.959
836,I,0,1.014,E,0.7,-113.0,127.6,120.7,-159.8,28.3,30.2,0.003,0.000,0.997
837,I,0,1.029,E,2.0,-111.5,123.6,118.7,-163.0,26.4,29.8,0.002,0.000,0.998
838,V,0,1.036,E,2.4,-110.6,126.0,119.5,-162.7,25.9,29.1,0.005,0.000,0.995
839,F,0,1.003,E,4.1,-129.7,145.6,131.9,-174.0,25.7,26.6,0.027,0.000,0.973
840,S,0,0.970,E,14.6,-109.2,132.9,121.0,-147.5,16.8,28.1,0.261,0.002,0.737
841,L,0,0.942,C,14.4,-71.7,-22.0,96.0,-147.4,24.0,18.3,0.874,0.015,0.111
842,E,0,0.925,C,119.4,-89.9,-2.0,96.2,57.1,4.7,22.0,0.957,0.006,0.037
843,E,0,0.927,C,43.1,-93.2,144.2,123.5,89.1,16.5,14.5,0.978,0.001,0.021
844,P,0,0.931,C,60.2,-70.6,150.0,114.9,-105.8,8.0,23.6,0.991,0.004,0.005
845,Y,0,0.948,H,70.8,-60.4,-36.2,92.2,-117.3,19.4,15.5,0.048,0.952,0.000
846,E,0,0.962,H,101.6,-64.7,-38.0,92.6,55.7,6.7,22.1,0.022,0.978,0.000
847,I,0,0.961,H,45.8,-67.1,-38.9,93.8,50.7,12.8,19.8,0.013,0.986,0.000
848,Q,0,0.961,H,14.5,-65.8,-40.9,94.3,51.6,22.8,19.4,0.010,0.990,0.000
849,L,0,0.950,H,28.7,-63.7,-41.1,93.1,51.8,18.6,22.9,0.005,0.995,0.000
850,N,0,0.959,H,58.0,-65.5,-39.5,93.1,51.3,10.8,26.8,0.007,0.993,0.000
851,Q,0,0.976,H,18.1,-67.0,-40.8,94.2,50.3,20.4,26.1,0.010,0.990,0.000
852,V,0,0.999,H,2.4,-64.9,-43.3,94.0,50.6,26.3,25.2,0.007,0.993,0.000
853,I,0,1.018,H,20.2,-64.3,-42.2,93.4,52.1,20.3,27.0,0.007,0.993,0.000
854,F,0,1.033,H,26.3,-65.1,-42.0,93.4,51.3,17.5,27.8,0.007,0.993,0.000
855,W,0,1.027,H,2.8,-64.5,-44.3,94.1,50.7,26.4,27.0,0.005,0.995,0.000
856,L,0,1.027,H,4.6,-64.5,-43.3,94.2,51.5,25.4,26.9,0.004,0.996,0.000
857,S,0,1.003,H,30.8,-65.1,-40.3,92.5,51.1,11.9,28.5,0.015,0.984,0.000
858,F,0,0.979,H,11.4,-66.2,-42.6,94.1,50.4,21.4,25.3,0.049,0.951,0.000
859,L,0,0.959,H,2.6,-66.4,-41.7,94.6,51.5,26.5,23.4,0.062,0.938,0.000
860,K,0,0.934,H,63.1,-72.2,-27.6,94.3,52.4,15.8,23.7,0.230,0.768,0.002
861,S,0,0.915,H,36.7,-82.6,-15.3,99.2,56.0,14.7,22.7,0.492,0.494,0.014
862,L,0,0.895,C,37.8,-89.4,6.2,103.1,61.8,17.8,20.7,0.766,0.200,0.034
863,V,0,0.898,C,17.0,-104.5,126.8,118.9,97.2,22.3,18.0,0.922,0.005,0.073
864,P,0,0.886,C,42.6,-73.7,140.6,113.5,-121.7,11.7,24.2,0.975,0.007,0.018
865,V,0,0.879,C,28.1,-73.3,42.3,104.4,-128.5,21.6,17.1,0.931,0.053,0.016
866,E,0,0.878,C,108.1,-93.1,11.9,105.9,145.0,7.2,21.1,0.910,0.057,0.033
867,E,0,0.874,C,50.6,-111.9,122.1,118.7,45.9,15.3,21.1,0.890,0.077,0.032
868,P,0,0.858,C,18.7,-74.9,134.9,111.0,-132.3,21.9,22.0,0.817,0.151,0.032
869,I,0,0.845,C,30.0,-93.7,78.2,109.4,-154.6,20.3,25.0,0.652,0.237,0.111
870,A,0,0.836,C,21.3,-118.4,142.9,121.5,101.0,19.9,25.1,0.665,0.214,0.121
871,F,0,0.810,C,28.7,-92.3,104.5,110.8,-99.6,21.8,25.9,0.655,0.180,0.165
872,G,0,0.787,C,9.8,91.4,-0.4,108.0,-40.4,20.4,25.4,0.744,0.090,0.166
873,G,0,0.765,C,4.8,140.7,-179.5,127.8,-148.3,22.5,25.7,0.672,0.073,0.255
874,K,0,0.779,C,55.2,-106.3,129.1,118.3,-122.1,16.7,26.8,0.529,0.067,0.404
875,L,0,0.792,C,14.7,-90.9,128.8,115.6,-141.6,23.8,18.8,0.658,0.049,0.292
876,K,0,0.817,C,112.3,-84.5,-21.2,98.2,-158.6,7.4,22.6,0.880,0.009,0.110
877,N,0,0.837,C,66.9,-131.2,138.2,129.2,28.5,9.1,23.2,0.894,0.005,0.102
878,P,0,0.851,C,43.2,-71.9,140.3,113.5,-107.0,16.6,24.6,0.884,0.008,0.108
879,L,0,0.865,C,4.1,-85.8,139.8,118.0,-131.6,25.8,21.3,0.765,0.004,0.231
880,R,0,0.880,E,31.5,-105.6,131.0,119.2,-144.4,19.0,27.9,0.249,0.002,0.749
881,V,0,0.896,E,1.3,-118.4,132.4,124.6,-157.9,27.6,27.1,0.019,0.000,0.981
882,V,0,0.895,E,1.7,-114.8,127.0,120.9,-164.2,26.5,29.8,0.004,0.000,0.996
883,L,0,0.900,E,0.9,-106.7,124.6,117.9,-159.2,27.6,30.3,0.006,0.000,0.994
884,V,0,0.892,E,1.5,-110.9,121.1,117.7,-164.4,26.8,30.1,0.024,0.000,0.976
885,A,0,0.879,E,1.1,-116.8,135.8,123.6,-170.7,26.8,29.2,0.172,0.003,0.825
886,T,0,0.879,E,3.9,-131.5,154.2,129.8,-179.4,24.9,28.3,0.422,0.013,0.565
887,H,0,0.879,C,19.3,-119.3,134.5,121.9,-142.8,22.5,27.2,0.486,0.039,0.476
888,A,0,0.877,C,19.4,-94.8,93.5,110.8,-156.7,21.7,21.1,0.594,0.132,0.274
889,D,0,0.861,C,60.8,-96.9,81.2,109.0,157.0,11.0,20.2,0.718,0.092,0.190
890,I,0,0.833,C,83.2,-76.0,-2.6,101.3,-143.8,12.5,16.9,0.698,0.207,0.095
891,M,0,0.802,C,100.8,-84.5,42.4,106.2,95.5,8.8,16.4,0.785,0.161,0.054
892,N,0,0.778,C,98.2,-82.8,42.3,102.3,10.6,6.2,18.6,0.875,0.075,0.049
893,I,0,0.786,C,25.8,-100.6,126.1,117.1,163.0,20.6,14.5,0.963,0.001,0.036
894,P,0,0.771,C,53.7,-71.2,143.4,111.7,-112.4,11.1,19.7,0.967,0.008,0.025
895,R,0,0.754,C,89.1,-93.9,140.4,117.3,-133.5,13.4,17.8,0.934,0.010,0.056
896,P,0,0.716,C,75.9,-70.3,46.7,103.3,-82.8,8.5,18.1,0.900,0.077,0.023
897,A,0,0.686,C,42.3,-80.4,8.5,101.9,52.2,15.2,14.7,0.865,0.091,0.044
898,G,0,0.666,C,40.8,93.8,24.8,110.7,-102.7,7.4,18.8,0.873,0.054,0.073
899,G,0,0.663,C,23.3,154.8,-179.7,125.4,109.6,14.5,17.7,0.835,0.035,0.129
900,E,0,0.681,C,93.8,-104.0,131.2,117.3,-120.2,9.4,22.3,0.719,0.067,0.215
901,F,0,0.697,C,40.3,-103.1,132.8,119.1,-152.8,19.9,16.0,0.678,0.058,0.264
902,G,0,0.728,C,27.6,-115.3,144.3,122.7,-169.2,11.0,22.1,0.811,0.044,0.146
903,Y,0,0.776,C,69.9,-94.4,66.3,110.5,-154.0,15.0,16.2,0.841,0.091,0.068
904,D,0,0.815,C,98.2,-74.3,-23.1,99.2,-172.9,4.9,18.0,0.713,0.280,0.007
905,K,0,0.836,H,104.4,-70.9,-34.0,96.3,50.7,6.5,19.9,0.242,0.757,0.000
906,D,0,0.849,H,22.7,-66.2,-38.7,94.4,55.4,19.7,16.5,0.100,0.900,0.000
907,T,0,0.835,H,47.9,-63.0,-39.8,93.3,56.0,14.5,20.3,0.031,0.969,0.000
908,S,0,0.825,H,57.9,-65.7,-39.3,92.5,52.1,4.1,24.3,0.014,0.985,0.000
909,L,0,0.833,H,17.6,-66.1,-42.6,93.8,50.4,17.9,20.6,0.004,0.996,0.000
910,L,0,0.846,H,5.3,-63.4,-42.8,93.2,51.3,25.5,19.7,0.002,0.998,0.000
911,K,0,0.870,H,93.6,-63.4,-40.7,92.4,52.2,9.6,23.1,0.002,0.998,0.000
912,E,0,0.872,H,86.0,-66.1,-39.9,92.3,49.6,5.2,24.3,0.002,0.998,0.000
913,I,0,0.858,H,6.6,-66.0,-43.1,93.7,49.5,21.9,17.5,0.002,0.998,0.000
914,R,0,0.836,H,52.9,-63.5,-40.0,92.7,52.1,18.1,17.8,0.002,0.998,0.000
915,N,0,0.810,H,105.2,-67.6,-34.1,91.9,51.6,2.7,21.4,0.009,0.991,0.000
916,R,0,0.775,H,100.6,-71.3,-34.5,93.3,49.1,8.4,19.1,0.040,0.960,0.000
917,F,0,0.757,H,20.9,-101.3,-6.5,100.0,35.3,20.3,12.4,0.293,0.706,0.001
918,G,0,0.749,C,42.0,81.6,8.5,104.1,-121.5,5.1,19.7,0.956,0.036,0.007
919,N,0,0.751,C,67.3,-106.5,110.1,114.5,77.0,12.1,16.9,0.949,0.025,0.026
920,D,0,0.778,C,62.7,-105.8,120.7,115.6,156.6,11.2,21.5,0.844,0.022,0.134
921,L,0,0.814,C,8.8,-105.7,134.9,121.5,-167.6,24.7,16.9,0.563,0.013,0.424
922,H,0,0.835,E,62.9,-100.5,116.8,113.3,-152.3,11.4,27.6,0.464,0.019,0.518
923,V,0,0.844,E,5.0,-108.3,126.2,119.4,-162.5,25.7,21.6,0.414,0.009,0.577
924,S,0,0.845,C,17.3,-126.4,162.4,132.2,176.0,15.7,25.0,0.643,0.014,0.343
925,N,0,0.850,C,83.6,-71.5,-19.6,94.6,-113.3,10.6,22.1,0.829,0.017,0.154
926,K,0,0.857,C,81.2,-118.0,127.3,120.8,46.4,10.4,25.0,0.494,0.033,0.472
927,L,0,0.871,E,4.3,-108.4,134.2,122.6,-170.6,26.1,22.5,0.118,0.003,0.879
928,F,0,0.864,E,9.5,-116.4,134.6,124.0,-164.6,23.0,28.6,0.027,0.001,0.972
929,V,0,0.860,E,3.0,-111.1,128.6,120.7,-154.9,25.7,28.4,0.036,0.001,0.963
930,L,0,0.847,E,5.5,-112.5,133.5,122.7,-165.0,25.0,25.9,0.177,0.009,0.814
931,D,0,0.820,C,27.7,-87.2,112.7,109.9,-134.5,16.4,27.5,0.510,0.012,0.478
932,A,0,0.771,C,9.3,-76.5,-15.8,97.5,-156.2,24.0,17.9,0.861,0.027,0.113
933,G,0,0.722,C,38.0,-86.4,-2.4,98.0,61.7,9.2,21.6,0.942,0.023,0.035
934,A,0,0.693,C,42.6,-94.2,128.6,116.6,92.2,11.5,16.6,0.923,0.010,0.067
935,S,0,0.674,C,67.3,-69.3,123.5,106.3,-114.9,8.3,17.6,0.928,0.017,0.055
936,G,0,0.680,C,47.3,81.9,2.1,98.1,20.5,4.7,19.8,0.976,0.017,0.007
937,S,0,0.713,C,24.7,-84.3,144.3,119.5,122.5,15.6,12.5,0.984,0.013,0.003
938,K,0,0.764,H,116.7,-65.0,-31.1,93.7,-129.6,6.2,20.8,0.075,0.925,0.000
939,D,0,0.801,H,28.8,-67.3,-37.4,93.9,54.4,17.0,17.8,0.076,0.924,0.000
940,I,0,0.835,H,9.4,-63.4,-40.9,92.7,52.9,24.0,17.7,0.017,0.983,0.000
941,K,0,0.841,H,92.1,-63.7,-40.5,92.6,53.3,9.2,23.6,0.006,0.994,0.000
942,V,0,0.837,H,41.7,-65.3,-41.2,92.9,50.5,9.3,25.0,0.004,0.996,0.000
943,L,0,0.832,H,3.8,-65.2,-43.9,94.1,50.4,25.0,21.7,0.003,0.997,0.000
944,R,0,0.830,H,41.5,-62.1,-42.2,92.6,52.4,18.9,22.5,0.003,0.997,0.000
945,N,0,0.836,H,83.3,-64.8,-39.8,92.0,50.3,4.4,25.9,0.013,0.987,0.000
946,H,0,0.836,H,34.3,-66.7,-41.2,93.6,49.6,14.6,22.3,0.019,0.981,0.000
947,L,0,0.836,H,2.5,-64.7,-43.7,94.0,51.3,26.5,20.2,0.007,0.993,0.000
948,Q,0,0.838,H,70.5,-63.0,-40.8,92.6,52.5,12.9,22.7,0.004,0.996,0.000
949,E,0,0.835,H,100.9,-65.8,-39.3,92.0,49.6,3.8,25.4,0.007,0.993,0.000
950,I,0,0.831,H,8.9,-66.7,-42.5,94.0,49.7,21.0,20.6,0.006,0.994,0.000
951,R,0,0.821,H,17.8,-62.6,-42.8,93.1,52.2,23.1,20.8,0.004,0.996,0.000
952,S,0,0.814,H,53.5,-64.1,-40.1,92.2,51.3,6.4,24.6,0.006,0.994,0.000
953,Q,0,0.798,H,71.5,-66.6,-39.7,92.7,49.9,7.4,23.6,0.011,0.989,0.000
954,I,0,0.782,H,3.2,-66.1,-43.1,93.9,49.3,24.9,19.3,0.025,0.975,0.000
955,V,0,0.774,H,18.8,-65.2,-39.4,93.7,51.3,21.5,19.5,0.099,0.900,0.001
956,S,0,0.738,H,73.1,-68.9,-30.5,92.4,52.9,3.6,22.3,0.383,0.616,0.000
957,G,0,0.720,C,35.8,-88.9,-6.9,97.1,40.5,9.4,19.0,0.667,0.330,0.003
958,C,0,0.714,C,15.5,-89.1,123.3,112.2,84.3,22.9,12.3,0.979,0.016,0.005
959,S,0,0.712,C,52.2,-76.2,163.0,111.6,-137.6,9.6,19.6,0.975,0.021,0.004
960,P,0,0.722,C,66.5,-72.3,5.8,102.4,-27.6,10.2,18.7,0.900,0.094,0.007
961,M,0,0.749,C,48.9,-81.3,27.4,105.9,85.3,14.7,17.6,0.804,0.184,0.012
962,T,0,0.778,C,24.1,-94.1,126.1,113.4,179.1,19.9,17.9,0.723,0.239,0.038
963,H,0,0.803,H,79.1,-77.2,-8.4,101.3,-144.6,11.8,24.1,0.411,0.579,0.010
964,L,0,0.843,H,17.7,-71.7,-38.2,98.6,66.9,21.3,22.4,0.033,0.967,0.000
965,C,0,0.878,H,9.5,-64.8,-41.6,96.3,56.4,23.9,20.9,0.005,0.995,0.000
966,E,0,0.876,H,79.2,-63.6,-40.1,92.5,52.3,10.7,24.7,0.002,0.998,0.000
967,K,0,0.877,H,82.6,-67.1,-38.8,92.9,50.4,7.8,24.6,0.004,0.996,0.000
968,I,0,0.861,H,3.8,-66.5,-42.9,94.4,49.5,24.9,21.2,0.012,0.988,0.000
969,I,0,0.855,H,14.8,-64.4,-40.9,93.4,51.5,22.7,22.3,0.051,0.949,0.000
970,S,0,0.837,H,59.5,-68.8,-31.7,92.5,51.9,6.3,24.4,0.261,0.739,0.000
971,T,0,0.822,C,30.0,-86.1,-19.7,97.9,46.8,16.4,21.6,0.572,0.428,0.001
972,L,0,0.824,H,4.2,-67.1,-43.3,97.0,64.5,26.1,19.1,0.144,0.856,0.000
973,P,0,0.816,H,43.8,-63.3,-37.8,92.9,56.1,12.8,21.6,0.072,0.928,0.000
974,S,0,0.822,H,53.0,-68.0,-35.6,93.2,51.8,6.6,23.2,0.086,0.914,0.000
975,W,0,0.815,H,30.6,-69.8,-36.8,95.1,52.3,19.1,17.3,0.108,0.891,0.001
976,R,0,0.806,H,53.6,-78.0,-24.5,98.6,52.3,16.3,16.5,0.330,0.660,0.009
977,K,0,0.796,H,97.7,-77.7,-3.8,102.8,71.1,9.3,15.2,0.477,0.508,0.016
978,L,0,0.771,C,91.5,-81.0,-2.4,104.1,89.7,8.4,13.3,0.627,0.359,0.014
979,N,0,0.741,C,107.7,-95.4,21.7,105.6,34.2,4.4,14.4,0.859,0.126,0.015
980,G,0,0.719,C,33.1,-143.9,173.0,120.9,167.0,10.3,15.2,0.963,0.021,0.016
981,P,0,0.707,C,79.2,-77.2,99.7,106.3,-101.2,8.5,17.5,0.937,0.054,0.010
982,N,0,0.723,C,57.4,-90.6,109.2,110.5,-179.5,14.2,16.0,0.836,0.139,0.025
983,Q,0,0.743,C,82.5,-92.1,103.4,109.9,-157.2,10.8,20.1,0.695,0.223,0.083
984,L,0,0.768,C,33.4,-101.1,128.8,115.9,-178.1,19.2,18.6,0.628,0.210,0.163
985,M,0,0.793,C,30.6,-103.3,132.6,118.7,-152.5,19.9,19.7,0.661,0.137,0.202
986,S,0,0.806,C,23.9,-98.1,145.4,120.5,-146.0,14.1,26.0,0.737,0.089,0.174
987,L,0,0.820,H,10.5,-63.2,-36.4,93.9,-118.9,25.0,19.7,0.073,0.926,0.000
988,Q,0,0.836,H,73.7,-63.9,-39.3,92.8,55.9,11.5,23.8,0.045,0.954,0.001
989,Q,0,0.855,H,65.5,-66.8,-38.7,93.1,50.9,8.2,24.9,0.027,0.970,0.003
990,F,0,0.875,H,6.1,-66.5,-42.9,94.4,50.0,24.1,21.3,0.039,0.952,0.009
991,V,0,0.891,H,12.0,-63.6,-42.2,93.5,52.3,22.8,22.8,0.021,0.977,0.003
992,Y,0,0.898,H,108.2,-64.8,-39.8,92.4,51.5,6.3,25.8,0.033,0.964,0.003
993,D,0,0.900,H,42.6,-66.8,-39.9,92.9,49.6,10.1,23.9,0.048,0.949,0.003
994,V,0,0.868,H,3.8,-66.9,-42.5,94.6,49.7,24.8,19.4,0.063,0.929,0.008
995,Q,0,0.834,H,46.6,-64.5,-39.4,93.3,52.9,17.5,20.1,0.077,0.917,0.005
996,D,0,0.811,H,88.7,-71.8,-29.6,93.5,50.9,4.6,22.2,0.183,0.812,0.005
997,Q,0,0.779,H,74.1,-93.0,-17.9,99.7,40.3,10.6,20.0,0.388,0.603,0.010
998,L,0,0.763,C,13.9,-91.7,-14.7,103.8,45.9,22.6,18.3,0.709,0.215,0.076
999,N,0,0.751,C,32.4,-96.0,103.1,110.8,65.0,19.4,19.9,0.962,0.012,0.026
1000,P,0,0.743,C,38.0,-73.6,-11.6,100.0,-152.6,16.8,21.8,0.876,0.099,0.025
1001,L,0,0.741,C,24.1,-88.1,40.7,106.5,75.6,22.0,18.7,0.846,0.101,0.053
1002,A,0,0.753,C,35.5,-93.7,-1.6,107.5,142.3,17.2,21.5,0.886,0.063,0.051
1003,S,0,0.768,C,43.8,-120.8,158.7,129.6,24.7,8.3,23.8,0.966,0.027,0.007
1004,E,0,0.790,H,78.3,-60.9,-35.8,92.8,-107.8,16.3,15.8,0.042,0.958,0.000
1005,D,0,0.809,H,96.4,-65.4,-36.9,92.3,54.5,2.9,22.3,0.025,0.975,0.000
1006,D,0,0.818,H,34.8,-67.9,-37.9,93.6,50.4,13.4,18.8,0.015,0.985,0.000
1007,L,0,0.811,H,5.4,-63.7,-41.6,93.1,53.1,25.7,16.1,0.003,0.997,0.000
1008,R,0,0.807,H,101.6,-62.4,-40.2,92.0,53.7,11.4,21.9,0.002,0.998,0.000
1009,R,0,0.816,H,112.7,-66.7,-38.4,92.5,50.3,4.9,24.8,0.003,0.997,0.000
1010,I,0,0.810,H,7.6,-67.0,-42.3,94.3,50.0,22.6,21.1,0.004,0.996,0.000
1011,A,0,0.789,H,11.7,-63.9,-41.4,93.6,52.7,22.2,21.3,0.006,0.994,0.000
1012,Q,0,0.762,H,89.2,-65.9,-38.5,92.7,52.1,6.2,24.5,0.014,0.986,0.000
1013,Q,0,0.744,H,52.0,-68.6,-37.1,93.2,50.1,11.2,22.7,0.035,0.965,0.000
1014,L,0,0.735,H,5.0,-68.7,-40.2,96.0,54.5,25.0,17.5,0.063,0.937,0.000
1015,H,0,0.741,H,68.7,-67.8,-34.0,94.9,57.3,15.8,19.5,0.236,0.763,0.001
1016,S,0,0.732,H,65.8,-77.6,-24.2,97.1,53.3,5.9,22.2,0.494,0.498,0.008
1017,T,0,0.725,C,50.8,-92.2,-5.2,102.6,52.8,13.2,19.0,0.678,0.259,0.063
1018,G,0,0.720,C,16.5,110.1,115.5,114.7,-118.7,17.2,21.6,0.811,0.013,0.176
1019,E,0,0.745,E,38.0,-111.4,136.1,122.3,-177.0,17.0,25.6,0.415,0.028,0.558
1020,I,0,0.764,E,6.1,-113.2,129.4,121.7,-156.2,25.3,22.2,0.115,0.005,0.880
1021,N,0,0.780,E,27.5,-103.7,124.7,116.8,-156.1,16.6,27.0,0.068,0.005,0.927
1022,I,0,0.791,E,12.3,-109.5,125.6,118.8,-163.0,22.9,22.7,0.083,0.006,0.911
1023,M,0,0.794,E,34.6,-109.8,134.2,120.8,-165.1,17.4,22.7,0.268,0.019,0.712
1024,Q,0,0.796,C,62.3,-104.9,130.3,117.7,-154.4,14.1,19.5,0.523,0.021,0.456
1025,S,0,0.806,C,36.7,-100.1,151.9,119.0,-155.8,13.2,16.4,0.777,0.027,0.196
1026,E,0,0.812,C,124.4,-75.0,-14.6,98.5,-124.3,6.4,16.1,0.877,0.047,0.077
1027,T,0,0.839,C,84.7,-89.8,1.8,103.9,56.0,5.4,15.5,0.887,0.050,0.063
1028,V,0,0.870,C,70.0,-94.2,112.3,111.9,95.3,11.9,14.4,0.903,0.058,0.039
1029,Q,0,0.895,C,77.9,-99.3,137.0,117.6,-161.2,11.2,18.2,0.947,0.024,0.029
1030,D,0,0.928,C,47.4,-92.3,126.5,114.2,-130.9,14.4,21.5,0.879,0.016,0.105
1031,V,0,0.933,E,10.7,-115.9,136.4,125.1,-163.0,22.8,22.5,0.295,0.004,0.700
1032,L,0,0.923,E,7.8,-110.0,129.1,120.6,-155.5,23.8,26.9,0.185,0.002,0.813
1033,L,0,0.915,E,5.5,-107.1,125.4,118.3,-158.4,24.4,28.3,0.266,0.005,0.729
1034,L,0,0.923,C,6.7,-102.4,129.7,117.9,-159.5,24.5,26.6,0.529,0.015,0.455
1035,D,0,0.929,C,27.9,-101.3,122.4,115.9,-138.7,17.2,27.6,0.935,0.003,0.062
1036,P,0,0.921,H,5.5,-67.5,-31.6,96.2,-148.0,25.8,21.0,0.313,0.684,0.003
1037,R,0,0.916,H,91.6,-64.1,-37.9,92.6,59.3,13.2,25.0,0.254,0.735,0.010
1038,W,0,0.927,H,53.5,-68.9,-35.8,93.9,51.0,15.7,26.3,0.183,0.760,0.056
1039,L,0,0.945,H,5.4,-68.2,-40.6,95.7,51.5,24.4,25.0,0.172,0.761,0.067
1040,C,0,0.948,H,6.2,-67.5,-40.8,96.1,51.8,24.4,24.0,0.333,0.619,0.048
1041,T,0,0.940,H,37.9,-67.2,-37.8,94.7,54.9,15.9,26.0,0.402,0.562,0.036
1042,N,0,0.911,H,51.1,-69.1,-36.2,94.3,49.8,12.2,27.2,0.438,0.522,0.041
1043,V,0,0.895,H,7.2,-69.1,-40.8,95.6,49.1,23.1,23.3,0.289,0.548,0.164
1044,L,0,0.877,H,4.0,-67.0,-41.2,95.1,51.3,25.9,22.9,0.170,0.768,0.061
1045,G,0,0.864,H,16.6,-64.0,-40.6,93.4,52.6,17.0,24.1,0.183,0.794,0.023
1046,K,0,0.847,H,86.3,-68.0,-35.4,92.8,50.3,7.7,26.6,0.181,0.755,0.064
1047,L,0,0.843,H,11.4,-74.4,-32.8,95.7,47.9,21.5,22.0,0.191,0.695,0.115
1048,L,0,0.828,H,8.9,-89.7,-5.3,101.9,49.2,24.1,20.4,0.358,0.464,0.178
1049,S,0,0.814,C,29.0,-91.1,129.9,114.6,110.4,14.7,20.5,0.835,0.045,0.119
1050,V,0,0.810,C,65.1,-72.3,-22.7,98.9,-143.1,13.8,17.5,0.840,0.129,0.031
1051,E,0,0.798,C,95.6,-84.1,-13.6,102.9,59.9,9.1,18.7,0.871,0.094,0.036
1052,T,0,0.799,C,48.8,-110.7,78.3,109.2,34.7,13.5,16.5,0.939,0.030,0.031
1053,P,0,0.782,C,56.5,-69.1,-16.8,100.0,-173.8,13.6,15.5,0.762,0.220,0.018
1054,R,0,0.761,C,141.4,-72.9,-24.9,97.4,58.2,5.3,19.1,0.706,0.262,0.032
1055,A,0,0.766,C,45.3,-78.2,-24.3,100.3,56.2,10.0,18.4,0.656,0.279,0.064
1056,L,0,0.786,C,35.6,-97.4,81.2,110.6,64.4,17.9,16.6,0.731,0.131,0.137
1057,H,0,0.804,C,54.5,-100.1,126.4,114.1,168.8,13.9,19.6,0.727,0.046,0.227
1058,H,0,0.815,C,56.2,-102.2,124.7,115.0,-160.7,14.0,20.2,0.657,0.025,0.318
1059,Y,0,0.807,C,46.6,-107.3,131.5,117.8,-172.1,18.3,18.8,0.532,0.018,0.450
1060,R,0,0.773,C,92.0,-110.4,124.1,116.5,-170.3,11.1,22.8,0.611,0.017,0.372
1061,G,0,0.762,C,11.6,128.5,-176.7,126.3,-78.4,16.7,21.9,0.527,0.011,0.462
1062,R,0,0.766,E,70.3,-111.9,135.9,122.1,-119.7,15.0,25.0,0.320,0.006,0.675
1063,Y,0,0.776,E,12.7,-126.5,143.8,130.2,-171.4,23.6,18.1,0.293,0.002,0.705
1064,T,0,0.795,C,27.5,-97.4,155.8,126.0,-141.5,9.8,27.8,0.710,0.004,0.285
1065,M,0,0.823,H,34.2,-61.3,-36.5,93.0,-111.1,21.2,17.2,0.107,0.893,0.000
1066,E,0,0.847,H,109.0,-64.7,-38.3,92.0,54.1,4.1,23.0,0.056,0.944,0.000
1067,D,0,0.860,H,35.4,-68.2,-37.0,93.4,50.3,12.2,18.8,0.036,0.964,0.000
1068,I,0,0.858,H,3.3,-65.6,-41.2,93.9,51.4,26.4,15.9,0.053,0.945,0.002
1069,Q,0,0.831,H,69.6,-64.5,-37.4,93.0,55.3,14.1,18.7,0.129,0.869,0.002
1070,R,0,0.815,H,146.7,-69.4,-32.7,91.9,51.6,2.8,21.4,0.287,0.709,0.004
1071,L,0,0.802,H,45.8,-90.5,-25.6,98.9,38.4,14.6,16.4,0.439,0.554,0.008
1072,V,0,0.823,C,13.3,-129.3,75.0,113.4,26.1,20.9,12.4,0.983,0.003,0.014
1073,P,0,0.818,C,76.9,-67.6,-27.0,94.9,-179.2,8.3,16.1,0.994,0.004,0.002
1074,D,0,0.821,C,107.0,-92.1,12.4,98.7,51.2,2.2,21.3,0.988,0.009,0.003
1075,S,0,0.818,C,17.6,-75.3,146.9,119.4,121.1,20.8,10.5,0.993,0.003,0.004
1076,D,0,0.827,C,70.9,-80.9,118.7,108.7,-118.7,7.3,25.3,0.994,0.005,0.001
1077,V,0,0.855,H,17.0,-61.3,-36.5,91.9,-141.7,23.9,15.9,0.018,0.982,0.000
1078,E,0,0.875,H,96.4,-63.6,-39.4,91.7,55.1,7.9,23.2,0.006,0.994,0.000
1079,E,0,0.895,H,53.3,-66.5,-39.5,93.2,50.6,11.3,24.4,0.002,0.998,0.000
1080,L,0,0.917,H,1.7,-64.2,-44.2,93.8,51.5,27.2,23.3,0.001,0.999,0.000
1081,L,0,0.934,H,18.2,-63.5,-41.9,93.2,52.1,21.0,24.9,0.002,0.998,0.000
1082,Q,0,0.936,H,64.6,-65.1,-40.2,92.4,50.9,8.9,28.2,0.005,0.995,0.000
1083,I,0,0.939,H,4.6,-65.2,-43.9,94.1,50.3,23.8,25.0,0.002,0.998,0.000
1084,L,0,0.936,H,3.3,-64.7,-43.2,94.1,51.3,26.1,24.6,0.001,0.999,0.000
1085,D,0,0.934,H,57.5,-64.9,-39.6,92.7,51.9,10.5,27.1,0.005,0.995,0.000
1086,A,0,0.912,H,14.5,-66.9,-39.6,93.6,50.9,17.5,25.8,0.012,0.988,0.000
1087,M,0,0.895,H,4.2,-71.3,-37.4,96.7,51.8,25.4,23.0,0.052,0.948,0.000
1088,D,0,0.899,H,44.9,-71.6,-7.2,97.6,72.8,14.4,26.2,0.279,0.720,0.001
1089,I,0,0.895,H,16.4,-73.4,-34.4,97.4,66.6,20.9,24.7,0.479,0.511,0.010
1090,C,0,0.883,C,7.3,-88.0,-5.6,102.8,51.6,23.8,21.5,0.689,0.184,0.127
1091,A,0,0.862,C,16.1,-102.0,130.1,117.7,81.3,21.5,18.6,0.612,0.039,0.349
1092,R,0,0.848,E,88.6,-96.8,130.9,115.4,-149.1,11.9,19.5,0.455,0.011,0.533
1093,D,0,0.829,C,55.2,-94.7,109.9,110.4,-147.7,11.1,17.4,0.802,0.017,0.181
1094,L,0,0.780,C,87.1,-75.9,-16.9,98.5,-163.8,10.6,14.4,0.927,0.036,0.037
1095,S,0,0.747,C,78.8,-84.0,-5.9,100.7,56.3,3.7,14.8,0.930,0.053,0.017
1096,S,0,0.716,C,66.2,-87.9,11.2,103.1,64.7,7.0,13.1,0.940,0.045,0.015
1097,G,0,0.721,C,45.9,82.4,2.0,100.9,-94.5,5.9,16.4,0.985,0.005,0.010
1098,T,0,0.747,C,59.4,-94.8,141.4,120.2,120.7,10.2,17.0,0.953,0.002,0.045
1099,M,0,0.792,E,61.5,-104.7,136.3,121.1,-144.0,13.4,21.0,0.232,0.004,0.764
1100,V,0,0.844,E,7.3,-125.4,142.2,129.8,-168.7,24.3,20.1,0.033,0.000,0.967
1101,D,0,0.872,E,22.7,-105.7,129.0,118.8,-148.1,17.1,28.0,0.024,0.000,0.976
1102,I,0,0.887,E,3.2,-116.1,126.4,121.5,-165.0,26.4,23.8,0.054,0.000,0.946
1103,P,0,0.866,E,6.9,-79.7,136.5,113.9,-130.1,23.4,27.3,0.160,0.002,0.837
1104,A,0,0.851,E,5.5,-121.5,141.6,125.9,-165.5,24.1,26.5,0.173,0.008,0.820
1105,L,0,0.843,E,12.7,-104.9,130.3,118.8,-149.7,23.1,26.6,0.165,0.006,0.829
1106,I,0,0.851,E,13.6,-105.8,126.3,118.3,-156.2,23.1,23.1,0.246,0.004,0.750
1107,K,0,0.852,E,64.3,-100.6,122.0,115.0,-152.8,13.6,24.5,0.281,0.005,0.713
1108,T,0,0.856,C,34.3,-107.6,134.8,118.2,-172.0,17.3,16.3,0.607,0.012,0.380
1109,D,0,0.842,C,85.6,-95.5,100.9,110.4,-153.9,7.8,19.2,0.899,0.005,0.095
1110,S,0,0.806,C,61.3,-99.0,129.6,116.7,-57.1,8.7,19.4,0.937,0.010,0.052
1111,L,0,0.789,C,30.9,-86.0,131.0,112.8,-139.8,21.0,13.4,0.933,0.029,0.038
1112,Q,0,0.778,C,98.6,-74.2,130.5,108.2,-118.9,8.0,18.4,0.910,0.061,0.029
1113,R,0,0.778,C,141.6,27.4,14.9,99.9,9.5,5.9,19.1,0.883,0.078,0.039
1114,S,0,0.783,C,38.3,-90.6,-5.6,103.9,86.5,12.5,17.1,0.811,0.065,0.124
1115,W,0,0.785,C,39.5,-106.9,135.5,120.8,93.8,20.8,14.0,0.700,0.062,0.238
1116,A,0,0.793,C,48.7,-107.9,140.0,121.4,-163.3,9.4,20.7,0.802,0.034,0.163
1117,D,0,0.818,C,67.0,-78.4,124.2,109.3,-120.2,11.8,15.8,0.844,0.062,0.094
1118,E,0,0.833,C,119.7,-82.7,-6.6,100.9,-158.2,6.4,14.8,0.811,0.130,0.058
1119,E,0,0.858,C,120.5,-92.8,56.1,108.0,71.7,4.9,14.8,0.801,0.162,0.037
1120,D,0,0.868,C,82.3,-86.4,100.4,108.6,-133.8,8.6,14.9,0.796,0.164,0.040
1121,E,0,0.861,C,100.2,-89.5,25.2,104.9,-166.8,9.3,17.6,0.763,0.162,0.075
1122,V,0,0.868,C,33.1,-108.5,137.7,122.3,147.3,17.4,17.6,0.681,0.103,0.216
1123,M,0,0.857,C,37.6,-106.0,136.6,121.2,-151.0,16.5,24.8,0.515,0.033,0.452
1124,V,0,0.854,E,3.7,-104.7,131.5,120.3,-142.0,25.8,24.9,0.431,0.010,0.560
1125,Y,0,0.829,E,11.8,-118.6,138.8,124.9,-166.6,23.4,28.3,0.309,0.007,0.684
1126,G,0,0.796,E,1.7,-148.7,166.3,130.1,176.3,25.3,28.3,0.303,0.004,0.692
1127,G,0,0.800,E,1.5,151.2,-179.0,130.9,-172.3,24.7,28.5,0.276,0.003,0.721
1128,V,0,0.818,E,1.9,-123.2,140.7,127.5,-109.4,26.4,29.0,0.090,0.001,0.909
1129,R,0,0.845,E,14.5,-95.4,126.6,115.5,-138.5,22.4,28.7,0.065,0.001,0.935
1130,I,0,0.864,E,1.5,-108.7,128.1,119.9,-157.4,27.3,27.6,0.161,0.001,0.838
1131,V,0,0.878,E,9.2,-123.2,138.2,126.3,-172.1,22.6,28.1,0.492,0.003,0.504
1132,P,0,0.866,C,11.6,-72.6,142.9,114.4,-117.8,21.5,24.5,0.830,0.020,0.151
1133,V,0,0.865,C,39.6,-67.4,-27.8,96.2,-122.1,18.8,20.0,0.843,0.136,0.022
1134,E,0,0.861,C,108.3,-73.3,-27.4,96.2,55.0,6.7,21.5,0.841,0.145,0.014
1135,H,0,0.864,C,77.4,-99.6,15.7,105.0,40.9,11.8,16.7,0.877,0.115,0.009
1136,L,0,0.854,C,35.3,-87.2,69.0,107.9,116.0,20.3,15.7,0.951,0.025,0.025
1137,T,0,0.852,C,52.6,-95.8,139.8,119.5,151.0,10.8,22.3,0.962,0.002,0.036
1138,P,0,0.840,C,32.1,-72.6,138.6,110.7,-102.7,18.9,22.9,0.919,0.019,0.062
1139,F,0,0.847,C,22.1,-96.5,139.8,119.0,-142.5,22.6,22.4,0.890,0.055,0.055
1140,P,0,0.840,C,6.5,-69.7,-25.6,97.1,-112.5,24.7,24.7,0.773,0.212,0.015
1141,C,0,0.841,C,13.5,-74.0,-24.3,95.9,62.6,22.5,24.9,0.635,0.333,0.032
1142,G,0,0.842,C,11.9,-73.2,-27.1,96.2,57.4,20.5,25.6,0.520,0.449,0.031
1143,I,0,0.874,H,9.8,-76.0,-32.5,97.2,49.3,23.3,25.8,0.428,0.506,0.066
1144,F,0,0.910,H,4.5,-73.0,-36.3,98.2,53.7,26.1,25.0,0.272,0.712,0.017
1145,H,0,0.951,H,38.5,-63.9,-40.3,93.1,69.8,18.3,27.0,0.120,0.871,0.009
1146,K,0,0.962,H,47.0,-65.8,-39.9,92.9,50.9,14.3,28.5,0.043,0.954,0.003
1147,V,0,0.973,H,2.6,-65.4,-43.5,94.1,49.6,25.0,26.9,0.020,0.975,0.005
1148,Q,0,0.970,H,4.7,-65.3,-43.0,94.6,51.3,25.3,27.2,0.012,0.984,0.003
1149,V,0,0.953,H,22.7,-64.6,-41.9,93.3,51.6,18.3,27.8,0.006,0.993,0.001
1150,N,0,0.942,H,34.6,-65.9,-40.0,92.7,50.1,14.0,27.3,0.008,0.992,0.000
1151,L,0,0.949,H,2.6,-64.9,-44.2,94.0,49.9,25.1,25.7,0.010,0.989,0.000
1152,C,0,0.959,H,9.0,-64.1,-42.8,93.8,51.1,22.9,24.7,0.034,0.966,0.000
1153,R,0,0.958,H,78.1,-65.0,-40.5,92.5,50.6,9.6,26.5,0.066,0.934,0.000
1154,W,0,0.955,H,57.0,-66.2,-41.2,93.1,49.7,12.2,23.4,0.082,0.917,0.000
1155,I,0,0.951,H,10.4,-66.8,-41.5,94.4,50.1,22.5,19.0,0.128,0.872,0.000
1156,H,0,0.926,H,61.9,-68.1,-33.1,93.2,52.0,15.5,18.8,0.371,0.628,0.001
1157,Q,0,0.892,C,95.6,-85.2,-7.4,96.2,52.8,6.8,20.3,0.658,0.338,0.004
1158,Q,0,0.840,C,62.3,-93.5,98.9,110.7,73.4,14.6,14.3,0.801,0.181,0.018
1159,S,0,0.795,C,50.0,-85.7,133.4,111.7,-157.4,9.9,16.8,0.860,0.110,0.030
1160,A,0,0.778,C,67.2,-68.1,-26.1,98.1,-128.7,8.2,15.2,0.846,0.137,0.017
1161,E,0,0.771,C,129.8,-74.0,-20.7,97.5,52.9,3.3,17.1,0.777,0.211,0.012
1162,G,0,0.784,C,36.0,-70.3,-8.8,100.5,42.2,9.9,17.2,0.732,0.252,0.017
1163,D,0,0.824,C,47.0,-85.4,38.6,104.5,104.5,14.4,17.2,0.652,0.341,0.007
1164,A,0,0.856,H,35.2,-68.2,-30.5,96.0,113.1,15.0,20.2,0.382,0.612,0.006
1165,D,0,0.889,H,34.9,-68.9,-34.0,95.2,58.1,16.7,22.4,0.295,0.694,0.011
1166,I,0,0.907,H,7.6,-65.2,-39.7,94.7,54.1,24.8,23.6,0.152,0.769,0.079
1167,R,0,0.926,H,48.7,-66.4,-39.9,94.6,55.0,18.6,26.7,0.099,0.734,0.167
1168,L,0,0.938,H,16.6,-67.3,-40.7,94.9,51.4,20.9,27.1,0.078,0.743,0.180
1169,W,0,0.937,H,4.9,-70.1,-40.2,96.4,50.0,25.6,26.0,0.085,0.742,0.173
1170,V,0,0.935,H,17.4,-69.0,-38.0,96.0,53.3,21.7,26.6,0.137,0.734,0.129
1171,S,0,0.908,H,35.8,-71.8,-26.9,95.0,50.2,12.6,27.1,0.365,0.584,0.051
1172,G,0,0.897,C,5.4,-68.6,-9.5,99.4,35.2,22.6,24.9,0.523,0.402,0.075
1173,C,0,0.887,C,4.7,-94.6,136.8,117.8,109.4,25.2,24.0,0.501,0.323,0.177
1174,R,0,0.882,H,33.8,-99.3,111.5,112.4,-158.4,20.2,27.6,0.358,0.406,0.236
1175,I,0,0.863,H,5.1,-100.0,123.1,113.7,145.2,25.3,26.8,0.332,0.373,0.295
1176,A,0,0.833,C,7.5,-102.9,129.3,115.6,-162.7,23.7,26.4,0.544,0.266,0.190
1177,N,0,0.822,C,39.6,-101.9,48.9,108.5,-173.0,16.5,26.1,0.702,0.185,0.113
1178,R,0,0.808,C,80.4,63.7,21.2,103.5,-49.1,14.7,22.4,0.872,0.063,0.065
1179,G,0,0.817,C,26.1,70.2,21.7,101.3,-62.5,14.8,24.8,0.888,0.010,0.102
1180,A,0,0.846,C,3.0,-100.3,141.6,122.3,155.7,25.6,24.2,0.733,0.004,0.263
1181,E,0,0.866,E,10.3,-104.1,136.3,120.2,-145.8,23.4,28.1,0.343,0.005,0.652
1182,L,0,0.903,E,3.3,-129.4,144.7,129.7,-164.0,25.8,27.7,0.043,0.000,0.956
1183,L,0,0.925,E,7.4,-105.4,127.2,117.7,-150.5,24.0,28.2,0.014,0.000,0.986
1184,V,0,0.942,E,2.1,-116.4,131.2,123.4,-162.8,27.0,25.2,0.004,0.000,0.996
1185,L,0,0.927,E,31.4,-108.0,129.6,119.6,-157.8,14.7,28.3,0.008,0.000,0.992
1186,L,0,0.916,E,11.3,-96.5,124.2,115.1,-150.1,24.3,19.8,0.114,0.001,0.885
1187,V,0,0.892,E,39.4,-102.7,144.4,116.4,-171.0,13.9,19.3,0.403,0.009,0.587
1188,N,0,0.858,C,88.1,-81.0,8.4,102.5,9.5,8.2,18.4,0.806,0.040,0.153
1189,H,0,0.828,C,108.0,-76.8,27.1,101.4,18.4,8.5,16.7,0.907,0.037,0.055
1190,G,0,0.800,C,40.9,82.3,0.3,98.6,-45.7,7.7,19.0,0.918,0.019,0.063
1191,Q,0,0.790,C,56.5,-110.1,140.1,120.2,106.3,12.2,21.6,0.644,0.012,0.345
1192,G,0,0.800,E,5.0,-138.8,153.2,134.7,-178.1,22.9,23.9,0.202,0.001,0.797
1193,I,0,0.833,E,3.7,-118.8,135.5,125.4,-145.1,25.9,25.5,0.022,0.000,0.978
1194,E,0,0.863,E,18.7,-109.4,126.5,119.0,-156.9,18.9,28.9,0.010,0.000,0.990
1195,V,0,0.887,E,1.5,-116.9,128.3,122.5,-163.8,27.5,24.8,0.007,0.000,0.993
1196,Q,0,0.884,E,19.7,-109.7,126.9,119.2,-159.9,18.1,29.0,0.020,0.000,0.979
1197,V,0,0.889,E,2.4,-118.4,133.5,124.8,-165.3,26.6,25.0,0.060,0.000,0.940
1198,R,0,0.873,E,32.3,-117.4,133.4,123.3,-167.2,19.0,28.0,0.221,0.002,0.778
1199,G,0,0.852,C,6.6,-167.1,177.0,135.4,150.6,21.6,23.6,0.589,0.009,0.402
1200,L,0,0.861,C,40.4,-84.3,142.7,116.1,-66.4,14.4,24.5,0.821,0.032,0.148
1201,E,0,0.876,C,94.6,-67.8,-24.3,97.1,-120.9,12.9,16.9,0.904,0.076,0.020
1202,T,0,0.905,C,99.6,-85.1,-2.6,99.2,53.6,2.8,17.8,0.902,0.084,0.014
1203,E,0,0.920,C,75.9,-95.5,129.8,115.3,92.4,12.2,14.0,0.851,0.119,0.030
1204,K,0,0.945,C,110.2,-75.0,-14.7,100.7,-153.2,9.1,17.6,0.769,0.202,0.029
1205,I,0,0.965,C,55.6,-86.0,16.3,105.9,98.0,13.5,18.2,0.718,0.227,0.055
1206,K,0,0.999,C,61.8,-89.6,12.7,105.7,111.9,13.3,23.4,0.609,0.214,0.177
1207,C,0,1.030,C,12.0,-85.6,-14.0,108.1,78.5,22.5,21.2,0.499,0.207,0.294
1208,C,0,1.014,E,9.1,-79.4,-41.8,104.6,68.0,23.0,25.1,0.256,0.134,0.610
1209,L,0,0.990,E,16.8,-78.5,-32.0,103.2,71.6,21.4,27.2,0.179,0.259,0.562
1210,L,0,0.973,H,5.6,-68.2,-38.8,96.8,56.5,24.5,26.9,0.141,0.522,0.336
1211,L,0,0.953,H,2.7,-64.5,-43.2,94.3,52.5,26.5,26.8,0.035,0.956,0.009
1212,D,0,0.949,H,42.8,-64.5,-40.9,92.7,51.8,13.4,27.6,0.025,0.968,0.007
1213,S,0,0.930,H,22.2,-66.6,-39.9,93.1,49.9,15.0,26.8,0.030,0.967,0.003
1214,V,0,0.914,H,1.1,-65.3,-43.9,94.2,49.7,27.1,24.5,0.020,0.979,0.001
1215,C,0,0.915,H,9.2,-63.8,-42.5,93.8,52.1,23.1,24.3,0.019,0.981,0.000
1216,S,0,0.897,H,47.9,-64.8,-39.7,92.0,51.2,6.9,27.7,0.035,0.965,0.000
1217,T,0,0.896,H,17.4,-66.2,-41.9,93.6,50.4,16.6,24.5,0.007,0.993,0.000
1218,I,0,0.898,H,2.5,-65.3,-43.4,94.3,50.6,26.5,22.8,0.002,0.998,0.000
1219,E,0,0.903,H,54.1,-63.7,-40.8,92.9,52.1,15.6,24.1,0.005,0.995,0.000
1220,T,0,0.904,H,67.6,-66.9,-38.4,92.7,49.3,5.4,25.8,0.021,0.979,0.000
1221,V,0,0.890,H,15.1,-68.2,-40.7,94.4,48.8,19.0,22.5,0.015,0.985,0.000
1222,M,0,0.878,H,4.3,-65.9,-41.9,94.4,51.0,25.9,21.2,0.005,0.995,0.000
1223,A,0,0.865,H,41.7,-65.4,-37.9,92.8,53.4,13.3,23.6,0.014,0.986,0.000
1224,T,0,0.862,H,68.1,-71.2,-34.0,93.4,49.0,6.6,24.2,0.072,0.928,0.000
1225,T,1,0.852,H,9.4,-92.4,-23.8,100.8,38.2,21.8,20.6,0.333,0.666,0.000
1226,L,0,0.844,C,9.4,-105.7,84.2,111.8,48.2,24.4,20.2,0.971,0.027,0.003
1227,P,0,0.818,C,35.6,-70.6,116.1,105.8,-143.7,16.4,22.5,0.942,0.055,0.003
1228,G,0,0.797,C,25.2,67.0,-10.6,101.6,29.9,15.4,21.5,0.875,0.104,0.021
1229,L,0,0.807,C,33.7,-77.5,-23.7,101.5,88.5,19.8,19.6,0.478,0.415,0.108
1230,L,0,0.825,H,46.0,-72.9,-26.5,98.2,74.2,14.9,21.5,0.321,0.506,0.173
1231,T,1,0.848,H,25.5,-74.0,-32.8,98.8,60.3,19.3,20.4,0.221,0.540,0.239
1232,V,0,0.867,H,47.2,-70.5,-32.2,96.2,57.5,15.8,21.8,0.193,0.514,0.293
1233,K,0,0.869,H,88.1,-79.9,-24.2,98.0,50.6,10.5,23.8,0.235,0.494,0.270
1234,H,0,0.870,H,32.4,-103.2,1.9,109.6,45.0,19.6,22.4,0.244,0.455,0.301
1235,Y,0,0.844,H,31.6,-98.5,77.1,110.9,86.5,20.9,23.3,0.292,0.392,0.316
1236,L,0,0.809,C,13.7,-105.1,136.7,120.5,132.0,23.5,20.7,0.642,0.114,0.244
1237,S,0,0.774,C,21.0,-93.1,146.5,120.2,-136.1,15.5,25.9,0.987,0.004,0.009
1238,P,0,0.728,H,21.4,-62.3,-35.2,93.7,-111.2,22.3,17.6,0.032,0.968,0.000
1239,Q,0,0.697,H,97.3,-65.7,-38.0,93.0,54.8,6.0,23.3,0.013,0.987,0.000
1240,Q,0,0.684,H,53.4,-69.5,-34.2,93.1,51.1,11.6,20.2,0.009,0.991,0.000
1241,L,0,0.682,H,5.7,-69.8,-34.5,95.2,55.5,25.2,15.0,0.030,0.970,0.000
1242,R,0,0.699,H,108.0,-67.2,-31.8,94.4,63.7,11.8,18.8,0.210,0.790,0.000
1243,E,0,0.720,H,109.0,-76.0,-23.9,95.4,54.6,5.0,20.8,0.346,0.653,0.001
1244,H,0,0.749,C,39.1,-95.5,44.1,108.2,59.8,18.4,13.0,0.650,0.342,0.008
1245,H,0,0.777,C,102.6,-87.4,-1.9,102.9,171.6,9.8,18.0,0.899,0.079,0.022
1246,E,0,0.793,C,93.3,-100.8,144.0,121.3,81.1,8.2,18.5,0.957,0.017,0.026
1247,P,0,0.787,C,62.3,-74.4,138.7,111.7,-60.1,11.8,20.0,0.939,0.029,0.031
1248,V,0,0.799,C,22.2,-89.2,131.0,115.8,-134.5,21.8,17.9,0.794,0.056,0.151
1249,M,0,0.809,C,31.5,-114.7,137.0,123.1,-166.0,18.2,24.4,0.668,0.045,0.288
1250,V,0,0.814,C,20.6,-117.1,134.9,124.0,-157.2,20.6,24.4,0.603,0.035,0.362
1251,Y,0,0.811,C,24.1,-123.7,143.6,128.3,-171.3,21.1,21.8,0.754,0.016,0.230
1252,Q,0,0.815,C,53.3,-83.1,134.3,113.8,-121.5,12.4,25.9,0.991,0.005,0.004
1253,P,0,0.824,H,16.5,-62.9,-34.9,95.0,-123.8,23.4,17.9,0.107,0.893,0.000
1254,R,0,0.840,H,111.5,-64.4,-37.5,92.6,56.0,9.0,23.4,0.052,0.948,0.000
1255,D,0,0.858,H,48.0,-67.1,-38.8,93.2,51.3,9.1,24.1,0.021,0.979,0.000
1256,F,0,0.852,H,4.0,-65.8,-43.3,94.3,50.4,25.5,20.2,0.011,0.988,0.001
1257,F,0,0.850,H,31.8,-63.8,-40.8,93.2,52.1,19.8,22.3,0.016,0.982,0.002
1258,R,0,0.835,H,108.6,-66.2,-38.4,92.5,51.1,5.5,25.9,0.024,0.973,0.003
1259,A,0,0.832,H,15.0,-67.8,-39.5,94.2,51.8,17.1,20.8,0.061,0.936,0.004
1260,Q,0,0.829,H,30.7,-70.7,-34.0,95.8,53.0,19.7,18.0,0.235,0.760,0.005
1261,T,0,0.820,H,58.5,-73.8,-27.7,96.3,53.1,10.6,18.8,0.452,0.534,0.014
1262,L,0,0.814,C,76.4,-81.0,13.2,103.5,77.2,11.0,15.8,0.748,0.242,0.010
1263,K,0,0.800,C,113.6,-84.8,24.0,105.2,179.5,8.7,15.8,0.766,0.208,0.026
1264,E,0,0.788,C,108.1,-90.9,47.5,105.6,35.3,7.8,18.6,0.812,0.133,0.055
1265,S,0,0.769,C,26.5,-100.8,137.5,118.4,157.9,18.3,14.7,0.792,0.085,0.122
1266,S,0,0.759,E,52.4,-110.0,129.4,118.1,-162.3,8.7,23.9,0.475,0.031,0.494
1267,L,0,0.744,E,20.7,-117.5,138.8,125.4,-174.2,21.6,15.6,0.307,0.009,0.683
1268,T,0,0.753,E,63.1,-115.2,134.7,122.5,-162.3,7.6,24.6,0.314,0.005,0.680
1269,N,0,0.748,C,33.5,-98.6,127.8,116.3,-148.8,18.4,15.5,0.632,0.019,0.349
1270,T,0,0.732,C,72.3,-79.8,-10.1,99.5,-153.1,9.7,17.0,0.800,0.063,0.136
1271,M,0,0.716,C,89.7,-88.7,6.9,101.7,49.7,9.8,15.4,0.891,0.064,0.045
1272,G,0,0.711,C,51.1,62.5,14.5,100.8,-49.5,4.7,15.6,0.927,0.042,0.031
1273,G,0,0.719,C,53.2,81.2,0.8,101.6,-75.7,3.7,15.3,0.934,0.034,0.032
1274,Y,0,0.744,C,108.3,-94.5,135.1,117.3,125.8,9.8,12.8,0.772,0.045,0.184
1275,K,0,0.777,C,118.0,-96.2,128.4,115.0,-143.8,7.1,19.4,0.617,0.086,0.297
1276,E,0,0.796,C,27.5,-110.2,142.9,125.0,-161.3,20.7,16.2,0.452,0.148,0.400
1277,S,0,0.799,E,24.2,-98.8,150.2,122.1,-147.0,13.1,26.4,0.331,0.131,0.538
1278,F,0,0.800,H,11.1,-67.7,-33.8,97.1,-108.1,25.0,20.8,0.181,0.479,0.340
1279,S,0,0.795,H,17.6,-65.9,-39.8,94.9,57.2,20.5,24.4,0.155,0.491,0.354
1280,S,0,0.802,H,30.0,-68.9,-36.2,94.4,53.6,14.5,27.5,0.126,0.544,0.330
1281,I,0,0.815,H,7.3,-68.5,-40.7,95.4,49.9,23.3,26.2,0.109,0.524,0.367
1282,T,0,0.833,H,5.7,-74.7,-38.5,98.3,47.2,24.1,27.0,0.184,0.454,0.362
1283,C,0,0.838,C,7.3,-87.6,-25.0,102.2,42.4,23.4,25.4,0.414,0.377,0.209
1284,F,0,0.827,C,17.5,-96.0,1.4,101.0,37.1,22.4,24.5,0.659,0.224,0.117
1285,G,0,0.811,C,21.1,85.1,6.5,98.5,-102.2,17.5,23.2,0.974,0.005,0.021
1286,C,0,0.833,C,20.1,-95.1,129.8,117.2,135.8,19.8,18.8,0.990,0.004,0.006
1287,H,0,0.850,H,95.9,-68.4,-29.6,94.7,-158.0,9.7,20.4,0.205,0.795,0.000
1288,D,0,0.869,H,74.4,-68.3,-35.5,93.0,52.7,5.9,23.8,0.126,0.874,0.000
1289,V,0,0.864,H,4.0,-67.3,-41.3,94.1,49.7,24.7,17.0,0.054,0.945,0.002
1290,Y,0,0.861,H,33.5,-63.7,-40.2,93.1,53.2,21.0,19.9,0.036,0.963,0.001
1291,S,0,0.837,H,74.8,-69.1,-29.7,91.8,53.8,3.1,23.3,0.157,0.842,0.001
1292,Q,0,0.816,H,72.6,-96.5,-7.7,98.2,44.3,10.9,21.4,0.379,0.616,0.005
1293,A,0,0.790,C,3.9,-92.4,139.8,119.2,93.1,25.9,15.9,0.663,0.141,0.195
1294,S,0,0.762,C,32.6,-104.4,132.8,118.2,-157.7,13.5,25.8,0.549,0.032,0.419
1295,L,0,0.740,C,24.2,-89.5,86.0,109.1,-144.7,21.6,21.9,0.760,0.042,0.198
1296,G,0,0.734,C,16.7,111.9,-166.9,117.3,-69.1,16.5,21.2,0.811,0.034,0.155
1297,M,0,0.763,C,81.5,-73.7,-18.4,98.4,-38.4,14.3,18.0,0.778,0.096,0.126
1298,D,0,0.791,C,96.9,-87.9,4.3,98.3,52.3,4.2,21.0,0.791,0.063,0.146
1299,I,0,0.813,C,28.9,-93.8,136.0,119.6,106.8,19.7,12.9,0.764,0.009,0.227
1300,H,0,0.807,C,83.2,-74.4,138.3,112.7,-112.4,7.9,24.4,0.745,0.016,0.239
1301,A,0,0.817,H,17.1,-61.1,-33.6,91.3,-124.7,23.0,14.0,0.228,0.771,0.001
1302,S,0,0.836,H,78.3,-68.6,-23.7,90.9,63.7,3.8,19.2,0.261,0.738,0.002
1303,D,0,0.835,H,72.1,-91.2,-4.1,96.1,53.3,7.9,19.6,0.233,0.765,0.001
1304,L,0,0.827,C,7.3,-82.8,136.7,117.5,100.2,26.1,10.4,0.966,0.011,0.023
1305,S,0,0.834,C,45.4,-74.7,152.4,115.7,-114.7,8.2,22.5,0.990,0.004,0.007
1306,L,0,0.818,H,74.6,-60.8,-36.8,93.1,-117.0,14.9,17.2,0.012,0.988,0.000
1307,L,0,0.824,H,84.4,-65.4,-38.9,92.6,53.4,5.7,23.0,0.004,0.996,0.000
1308,T,0,0.845,H,13.5,-66.0,-41.4,93.7,50.5,20.2,19.1,0.002,0.998,0.000
1309,R,0,0.848,H,15.6,-63.0,-41.7,92.7,51.9,23.2,20.2,0.002,0.998,0.000
1310,R,0,0.840,H,89.5,-63.7,-40.7,92.4,52.2,11.3,24.8,0.003,0.997,0.000
1311,K,0,0.820,H,71.0,-65.8,-40.3,92.6,50.2,9.1,25.9,0.004,0.996,0.000
1312,L,0,0.788,H,2.3,-65.4,-43.9,94.2,50.1,25.9,22.5,0.005,0.995,0.000
1313,S,0,0.761,H,12.7,-64.5,-40.2,93.6,52.6,21.7,22.0,0.017,0.983,0.000
1314,R,0,0.733,H,123.9,-67.9,-32.8,92.2,52.5,5.4,25.0,0.074,0.926,0.000
1315,L,0,0.720,H,32.8,-80.6,-19.6,95.6,51.7,17.7,20.1,0.249,0.751,0.000
1316,L,0,0.718,C,12.1,-85.2,7.0,104.4,67.2,24.0,16.1,0.582,0.409,0.009
1317,D,0,0.728,C,62.8,-93.3,106.7,110.2,150.6,11.5,22.1,0.991,0.001,0.008
1318,P,0,0.719,C,43.7,-72.6,146.7,113.7,-114.4,16.2,17.5,0.997,0.000,0.003
1319,P,0,0.710,C,64.6,-74.4,81.0,105.0,-108.0,11.6,18.0,0.992,0.003,0.005
1320,D,0,0.707,C,46.3,-92.4,127.5,115.3,-161.7,14.4,16.8,0.988,0.004,0.008
1321,P,0,0.698,C,67.8,-66.3,-14.4,97.3,-136.2,11.6,18.9,0.877,0.116,0.007
1322,M,0,0.694,C,57.5,-84.3,-4.8,97.3,59.9,15.8,18.4,0.878,0.108,0.013
1323,G,0,0.727,C,16.7,78.4,3.1,100.4,-105.4,19.3,20.1,0.830,0.125,0.045
1324,K,0,0.794,C,77.3,-71.5,-32.4,97.0,84.5,13.2,23.4,0.709,0.214,0.076
1325,D,0,0.859,C,27.7,-70.3,-36.7,97.2,59.0,19.3,24.7,0.551,0.362,0.088
1326,W,0,0.904,H,15.7,-67.0,-38.5,95.4,52.8,23.9,25.9,0.316,0.532,0.152
1327,C,0,0.930,H,4.0,-66.2,-41.3,94.8,54.7,25.2,27.4,0.237,0.688,0.075
1328,L,0,0.918,H,4.9,-66.0,-42.3,94.7,52.3,25.2,29.2,0.055,0.921,0.024
1329,L,0,0.899,H,7.6,-65.8,-42.4,94.3,50.6,22.9,28.9,0.023,0.958,0.019
1330,A,0,0.877,H,2.5,-65.0,-43.5,94.0,50.5,24.9,26.9,0.017,0.973,0.010
1331,M,0,0.842,H,12.3,-65.4,-42.4,94.3,51.2,22.5,25.6,0.024,0.967,0.008
1332,N,0,0.797,H,64.0,-69.3,-32.3,92.3,50.2,11.0,24.9,0.117,0.879,0.005
1333,L,0,0.770,C,18.3,-90.0,-3.3,95.9,50.7,19.7,17.8,0.813,0.182,0.004
1334,G,0,0.755,C,38.6,78.1,16.2,95.5,-107.1,8.6,24.5,0.998,0.001,0.001
1335,L,0,0.766,C,8.4,-95.9,114.3,112.5,152.2,24.7,13.9,0.996,0.001,0.002
1336,P,0,0.775,C,51.4,-70.3,-42.1,100.5,168.1,13.5,22.1,0.900,0.090,0.009
1337,D,0,0.790,C,75.9,-66.5,-33.8,93.7,49.0,7.6,22.8,0.809,0.168,0.023
1338,M,0,0.775,C,64.2,-72.5,-29.3,94.5,55.6,11.9,19.9,0.631,0.239,0.129
1339,V,0,0.776,C,15.1,-72.4,-33.7,97.3,56.8,22.8,16.8,0.587,0.062,0.352
1340,A,0,0.772,C,31.3,-70.4,-18.2,99.9,60.6,14.3,17.6,0.691,0.063,0.246
1341,K,0,0.767,C,119.6,-86.5,25.7,103.0,59.9,5.6,21.2,0.505,0.045,0.450
1342,H,0,0.776,C,45.7,-101.0,134.6,119.1,158.3,18.1,14.0,0.600,0.020,0.379
1343,N,0,0.770,C,76.6,-95.3,112.8,111.0,-146.6,8.1,21.2,0.775,0.012,0.213
1344,V,0,0.751,C,47.4,-76.4,-17.8,98.3,-163.9,17.1,13.1,0.782,0.090,0.127
1345,N,0,0.732,C,102.9,-76.6,-18.1,97.8,61.6,4.6,15.9,0.795,0.124,0.081
1346,N,0,0.727,C,95.3,-83.5,8.4,102.1,61.2,5.7,13.6,0.862,0.096,0.043
1347,R,0,0.722,C,128.9,-76.2,-17.6,99.7,88.8,7.2,12.5,0.806,0.106,0.088
1348,A,0,0.728,C,63.3,-82.3,13.0,104.7,84.9,7.4,12.8,0.756,0.161,0.083
1349,S,0,0.740,C,56.6,-88.3,83.1,108.6,102.5,8.9,13.7,0.726,0.137,0.138
1350,R,0,0.749,C,130.8,-78.4,-11.2,101.1,112.7,8.2,12.4,0.769,0.145,0.086
1351,D,0,0.766,C,104.3,-81.8,12.8,102.2,49.8,4.0,14.1,0.798,0.123,0.079
1352,F,0,0.765,C,101.4,-93.3,109.7,111.3,97.6,9.6,14.3,0.812,0.084,0.105
1353,L,0,0.753,C,54.9,-99.9,133.1,118.8,-163.1,14.5,15.8,0.888,0.011,0.101
1354,P,0,0.732,C,34.5,-72.1,145.4,113.1,-110.0,17.6,17.6,0.962,0.008,0.030
1355,S,0,0.738,C,20.5,-82.3,153.1,119.7,-118.6,17.1,20.4,0.988,0.008,0.004
1356,P,0,0.743,H,29.2,-63.3,-34.1,93.4,-111.9,19.1,21.7,0.045,0.955,0.000
1357,V,0,0.782,H,9.0,-64.1,-42.3,93.7,52.4,23.9,21.8,0.014,0.986,0.000
1358,H,0,0.806,H,54.9,-63.8,-40.4,92.9,52.6,14.7,23.9,0.005,0.995,0.000
1359,A,0,0.804,H,38.3,-65.5,-40.1,92.4,50.5,7.3,26.1,0.003,0.997,0.000
1360,L,0,0.797,H,7.9,-65.8,-43.5,94.1,50.3,21.9,22.6,0.005,0.995,0.000
1361,L,0,0.790,H,4.1,-64.7,-42.8,93.9,50.7,25.8,22.0,0.007,0.993,0.000
1362,Q,0,0.795,H,81.2,-64.8,-39.8,92.9,51.9,9.4,24.2,0.010,0.990,0.000
1363,E,0,0.807,H,65.9,-66.8,-39.4,92.6,50.0,8.6,23.5,0.024,0.976,0.000
1364,W,0,0.799,H,11.9,-68.3,-40.1,94.9,50.2,23.4,17.3,0.059,0.941,0.000
1365,T,0,0.802,H,42.6,-71.6,-30.2,94.7,52.0,15.9,17.8,0.288,0.711,0.000
1366,S,0,0.789,C,74.8,-89.0,-6.7,97.7,47.4,3.5,19.3,0.647,0.351,0.002
1367,Y,0,0.789,C,72.0,-104.3,106.9,112.6,70.2,14.0,12.1,0.992,0.006,0.002
1368,P,0,0.791,C,71.2,-70.9,10.4,104.1,-152.6,9.5,17.1,0.974,0.023,0.003
1369,E,0,0.805,C,103.1,-90.4,108.3,110.4,-17.0,8.3,21.0,0.941,0.048,0.011
1370,S,0,0.797,C,12.8,-110.2,147.6,126.1,159.7,22.2,15.2,0.848,0.117,0.035
1371,T,0,0.805,C,35.4,-99.9,141.1,120.1,-145.6,11.2,26.3,0.540,0.167,0.292
1372,V,0,0.821,H,13.5,-68.3,-32.1,97.4,-128.3,24.2,19.5,0.172,0.811,0.017
1373,G,0,0.849,H,23.1,-63.7,-40.4,93.8,55.9,13.7,22.9,0.104,0.888,0.008
1374,I,0,0.875,H,58.6,-67.4,-38.2,93.5,50.0,8.8,25.6,0.046,0.946,0.008
1375,L,0,0.901,H,5.6,-65.7,-43.6,94.6,50.9,24.1,22.1,0.012,0.987,0.001
1376,I,0,0.919,H,11.6,-62.8,-42.6,93.1,51.6,23.2,21.5,0.005,0.995,0.000
1377,S,0,0.917,H,55.8,-64.8,-39.9,92.0,51.0,4.8,25.6,0.005,0.995,0.000
1378,K,0,0.888,H,60.5,-66.6,-40.0,92.5,49.2,9.3,22.4,0.003,0.997,0.000
1379,L,0,0.883,H,5.0,-65.4,-42.9,93.6,50.1,24.4,15.9,0.004,0.996,0.000
1380,R,0,0.874,H,102.8,-63.9,-39.0,92.3,51.7,12.0,17.9,0.021,0.979,0.000
1381,E,0,0.854,H,125.1,-67.7,-33.6,91.0,51.2,2.2,20.4,0.089,0.911,0.000
1382,L,0,0.816,C,51.9,-90.8,-2.4,95.2,49.7,13.7,12.5,0.667,0.332,0.001
1383,G,0,0.793,C,52.0,80.3,12.6,93.9,-107.8,3.1,20.8,0.994,0.005,0.000
1384,R,0,0.812,C,40.8,-92.5,19.8,102.5,136.5,17.9,12.8,0.959,0.037,0.003
1385,R,0,0.833,H,120.0,-63.6,-36.6,94.3,149.6,9.2,16.2,0.300,0.700,0.000
1386,D,0,0.850,H,86.5,-66.9,-36.8,93.0,52.9,3.5,23.8,0.176,0.824,0.000
1387,A,0,0.858,H,14.1,-67.1,-40.9,93.9,50.2,17.6,18.9,0.035,0.965,0.000
1388,A,0,0.870,H,9.0,-62.7,-41.8,92.7,52.8,23.0,19.2,0.012,0.988,0.000
1389,D,0,0.889,H,74.5,-64.8,-39.3,92.7,52.8,7.1,24.1,0.018,0.982,0.000
1390,F,0,0.889,H,58.4,-66.2,-40.7,93.2,50.2,9.4,23.9,0.019,0.980,0.000
1391,L,0,0.882,H,4.6,-66.7,-42.6,94.5,49.7,24.6,20.1,0.030,0.970,0.000
1392,L,0,0.878,H,24.4,-65.3,-38.7,93.4,52.0,20.9,20.3,0.062,0.937,0.001
1393,K,0,0.866,H,113.9,-69.0,-31.4,92.9,53.1,6.1,22.7,0.211,0.788,0.002
1394,A,0,0.866,H,46.2,-85.3,-13.5,95.6,51.1,11.2,21.7,0.433,0.554,0.014
1395,S,0,0.868,C,11.8,-92.2,139.8,118.6,91.9,22.9,15.8,0.678,0.251,0.071
1396,S,0,0.861,C,32.8,-88.5,99.5,108.8,-143.3,15.4,25.6,0.565,0.255,0.180
1397,V,0,0.870,C,17.1,-96.7,104.2,111.4,143.6,22.3,22.4,0.399,0.260,0.341
1398,F,0,0.867,E,15.7,-105.1,128.0,117.7,132.0,23.7,21.9,0.290,0.139,0.570
1399,K,0,0.860,E,46.0,-108.2,128.4,118.8,-158.9,16.6,26.5,0.280,0.085,0.635
1400,I,0,0.840,E,10.1,-111.7,129.3,121.2,-165.2,24.1,21.6,0.354,0.071,0.575
1401,N,0,0.808,C,38.1,-105.2,122.8,116.3,-156.3,14.5,26.2,0.503,0.086,0.411
1402,L,0,0.787,C,23.1,-91.5,133.3,115.6,-147.2,22.0,17.7,0.684,0.090,0.225
1403,D,0,0.757,C,52.5,-93.2,125.3,113.0,-143.4,12.1,21.1,0.783,0.068,0.148
1404,G,0,0.708,C,37.0,-59.3,-13.9,99.3,-101.2,13.9,15.9,0.879,0.059,0.062
1405,N,0,0.684,C,96.5,-88.5,18.3,100.5,56.6,5.7,18.7,0.922,0.049,0.030
1406,G,0,0.688,C,32.6,81.7,2.6,102.3,-97.7,13.2,16.6,0.938,0.023,0.039
1407,Q,0,0.724,C,89.3,-88.4,117.5,110.5,109.0,9.1,17.9,0.841,0.033,0.126
1408,E,0,0.755,C,81.9,-90.7,122.3,111.3,152.0,10.0,19.8,0.604,0.053,0.343
1409,A,0,0.777,C,23.0,-95.7,143.6,115.5,-169.7,16.5,17.1,0.614,0.056,0.330
1410,Y,0,0.784,E,58.1,-110.7,139.9,122.2,-162.3,14.4,20.0,0.468,0.041,0.491
1411,A,0,0.768,C,35.6,-83.2,127.8,110.8,-130.6,13.2,20.5,0.711,0.062,0.227
1412,S,0,0.749,C,28.4,-101.1,136.5,116.4,-157.8,17.4,16.0,0.736,0.054,0.211
1413,S,0,0.719,C,49.6,-95.4,96.5,110.1,-147.0,10.4,22.2,0.726,0.074,0.201
1414,C,0,0.693,C,29.4,-83.0,-1.2,104.6,153.7,18.2,13.8,0.759,0.090,0.151
1415,N,0,0.659,C,90.2,-83.7,6.3,101.1,78.7,7.6,18.7,0.816,0.071,0.113
1416,S,0,0.623,C,68.2,-90.7,7.9,104.5,57.6,6.2,16.1,0.883,0.026,0.091
1417,G,0,0.602,C,37.7,94.3,5.1,110.2,-88.7,8.9,17.1,0.910,0.015,0.075
1418,T,0,0.611,C,58.0,-101.2,138.1,117.8,-160.7,11.1,18.1,0.802,0.036,0.161
1419,S,0,0.625,C,46.3,-97.1,130.8,115.3,-142.9,11.3,19.0,0.781,0.030,0.189
1420,Y,0,0.635,C,67.6,-84.4,1.3,104.8,-155.9,17.0,14.4,0.753,0.074,0.174
1421,N,0,0.639,C,84.1,-81.6,-19.0,103.6,103.5,7.7,17.8,0.737,0.091,0.171
1422,S,0,0.633,C,57.9,-84.2,9.9,105.2,122.0,9.0,18.0,0.678,0.105,0.217
1423,I,0,0.618,C,34.7,-71.1,-33.9,97.0,69.8,18.6,14.6,0.544,0.191,0.265
1424,S,0,0.606,C,58.0,-71.5,-27.5,97.5,67.7,11.6,17.3,0.577,0.136,0.287
1425,S,0,0.601,C,71.9,-77.0,-22.7,97.1,54.5,4.2,19.7,0.483,0.094,0.423
1426,V,0,0.570,E,55.0,-83.4,-7.7,102.7,65.0,13.1,14.4,0.389,0.081,0.530
1427,V,0,0.516,E,56.5,-91.8,68.8,108.7,95.1,13.4,13.4,0.417,0.058,0.525
1428,S,0,0.460,C,63.5,-93.0,85.6,109.6,124.8,9.0,15.9,0.595,0.038,0.367
1429,R,0,0.432,C,147.8,-94.1,106.7,110.9,136.4,7.5,13.3,0.926,0.004,0.069
